3236.9322004345618
3242.909265269991
3243.0850612945633
3242.030285147134
3238.1627726065612
3236.0532203117036
3239.041752729419
3232.185707771131
3236.9322004345613
3242.381877196277
3237.4595885082754
3238.6901606802758
3233.4162799431315
3230.955135599131
3234.119464041418
3231.3067276482743
3228.669787279702
3230.9551355991307
3234.295260065989
3235.174240188847
3236.580608385418
3237.98697658199
3244.8430215402773
3255.566579039137
3258.027723383138
3266.8175246117116
3268.2238928082834
3275.079937766571
3272.7945894471422
3272.9703854717136
3275.255733791143
3280.529614528287
3285.2761071917166
3280.002226454573
3277.7168781351434
3282.2875747740018
3282.1117787494304
3295.1206845677193
3300.570361329435
3304.965261943722
3314.9856353442956
3318.5015558357254
3319.732128007726
3327.994541162585
3337.4875264894445
3338.7180986614453
3347.507899890019
3342.409815177446
3348.9142680865907
3352.9575766517337
3357.0008852168785
3352.2543925534487
3358.9346414871643
3354.1881488237345
3356.6492931677353
3358.2314573888784
3361.9231739048796
3367.3728506665957
3372.8225274283113
3371.591955256311
3368.6034228385956
3370.009791035167
3370.5371791088814
3384.425065050028
3393.214866278602
3393.214866278602
3402.0046675071762
3399.1919311140327
3391.2811100083163
3395.6760106226025
3393.5664583277444
3403.938423777462
3395.8518066471743
3388.819965664315
3384.0734730008853
3396.7307867700315
3384.6008610746
3385.8314332466007
3392.5116821803167
3391.2811100083163
3388.468373615173
3384.249269025457
3395.8518066471743
3402.356259556319
3406.575364146034
3399.8951152123177
3404.465811851176
3411.6734488586067
3407.630140293463
3417.826309718608
3425.7371308243246
3433.999543979184
3434.70272807747
3438.5702406180426
3439.4492207409003
3442.965141232329
3442.965141232329
3441.910365084901
3455.095066927761
3455.446658976904
3454.391882829475
3451.5791464363315
3456.6772311489044
3453.5129027066178
3453.688698731189
3450.7001663134743
3462.6542959843346
3465.467032377479
3460.7205397140483
3461.2479277877633
3467.752380696907
3465.64282840205
3462.830092008906
3473.377853483195
3484.277207006626
3494.2975804072003
3480.233898441482
3485.859371227769
3483.398226883768
3484.6287990557685
3479.179122294053
3478.82753024491
3483.7498189329117
3476.1905898763384
3468.9829528689074
3459.138375492905
3468.8071568443365
3458.6109874191907
3459.6657635666197
3459.841559591191
3455.2708629523327
3463.181684058049
3458.4351913946193
3459.6657635666197
3453.161310657475
3456.501435124333
3461.072131763192
3464.0606641809063
3463.357480082621
3453.8644947557614
3456.501435124333
3446.129469674616
3451.2275543871883
3453.337106682047
3452.458126559189
3455.974047050618
3443.844121355187
3439.625016765471
3444.1957134043296
3454.2160868049036
3452.458126559189
3456.6772311489044
3449.6453901660457
3439.6250167654716
3442.437753158615
3438.3944445934712
3437.691260495185
3438.3944445934712
3435.0543201266128
3424.154966603182
3433.8237479546133
3438.7460366426144
3436.284892298613
3442.086161109472
3437.3396684460417
3428.3740711928963
3430.483623487755
3427.8466831191827
3426.6161109471827
3431.714195659755
3433.4721559054697
3431.3626036106116
3433.120563856327
3428.549867217469
3428.7256632420404
3444.723101478045
3446.8326537729017
3456.853027173476
3447.8874299203308
3445.0746935271873
3439.4492207409
3437.691260495185
3440.6797929128998
3443.316733281472
3444.7231014780436
3433.4721559054697
3433.9995439791846
3426.0887228734678
3440.6797929129
3437.5154644706136
3428.3740711928963
3424.682354676896
3428.0224791437536
3427.846683119182
3429.077255291183
3433.999543979184
3432.4173797580406
3432.593175782613
3430.8352155368975
3428.374071192897
3438.570240618043
3435.0543201266137
3431.0110115614693
3429.7804393894685
3428.198275168325
3421.6938222591807
3421.3422302100375
3419.760065988895
3411.321856809464
3416.0683494728937
3409.9154886128917
3418.881085866037
3415.8925534483224
3414.4861852517506
3409.3881005391777
3409.9154886128927
3413.079817055179
3416.0683494728937
3424.506558652325
3429.077255291184
3432.944767831756
3432.768971807184
3436.1090962740423
3437.8670565197567
3435.933300249471
3435.054320126613
3429.9562354140403
3432.065787708898
3434.3511360283273
3439.9766088146143
3442.6135491831865
3441.734569060329
3448.0632259449017
3445.7778776254727
3451.40335041176
3460.720539714048
3464.236460205478
3468.807156844336
3473.377853483195
3470.2135250409083
3475.6632018026235
3477.772754097481
3468.8071568443356
3470.740913114622
3476.542181925481
3480.0581024169105
3490.957455940342
3486.3867593014834
3487.9689235226265
3488.4963115963415
3491.3090479894845
3489.726883768341
3499.747257168916
3505.7243220043456
3509.943426594061
3506.7790981517746
3495.3523565546284
3501.5052174146304
3505.5485259797742
3511.5255908152044
3508.1854663483464
3509.943426594061
3506.25171007806
3515.74469540492
3527.523029051209
3537.7191984763544
3548.0911639260717
3544.399447410071
3532.6211137637815
3525.0618847072087
3524.8860886826365
3529.98417339521
3531.7421336409243
3529.984173395209
3518.3816357734922
3518.0300437243486
3518.909023847206
3530.335765444352
3538.949770648355
3548.9701440489293
3551.607084417501
3557.0567611792167
3563.7370101129327
3560.3968856460747
3561.627457818074
3566.373950481504
3571.4720351940773
3562.858029990075
3568.659298800934
3569.7140749483624
3574.1089755626494
3571.6478312186487
3573.0541994152204
3589.5790257249396
3604.170095764372
3603.6427076906575
3603.4669116660853
3614.71785723866
3610.3229566243735
3614.3662651895165
3629.308927278092
3641.966241047239
3645.130569489525
3637.39554440838
3634.4070119906655
3631.5942755975216
3638.9777086295235
3644.778977440382
3646.5369376860963
3650.756042275812
3639.1535046540953
3638.6261165803808
3648.1191019072403
3653.568778668956
3668.6872367821024
3680.817162477534
3685.9152471901066
3685.387859116392
3697.166192762681
3694.5292523941093
3701.9126854261112
3704.373829770112
3714.042611121544
3725.117760669546
3721.074452104402
3723.0082083746884
3727.7547010381177
3729.512661283832
3739.7088307089784
3753.06932857641
3754.8272888221254
3763.617090050699
3752.1903484535533
3748.14703988841
3754.827288822126
3760.628557632984
3765.023458247271
3781.724080581561
3786.9979613187047
3790.689677834706
3802.995399554709
3811.082016684997
3828.485823117573
3843.076893157006
3852.569878483865
3865.4029882775826
3874.7201775798712
3876.8297298747284
3875.423361678156
3883.334182783873
3901.0895812655917
3901.2653772901635
3911.813138764452
3921.657716140454
3927.4589849513127
3932.908661713029
3939.237318597601
3949.433488022748
3963.4971699884654
3974.2207274873253
3974.74811556104
3985.9990611336143
3984.0653048633276
3984.065304863328
3993.9098822393303
4002.5238874433335
4019.4003058021945
4030.2996593256257
4039.0894605541994
4050.6919981759174
4069.150580755922
4092.3556559993567
4113.626974972505
4125.0537165696505
4134.019313822796
4147.907199763942
4153.884264599372
4166.0141902948035
4187.812897341667
4200.294415086241
4210.6663805359585
4213.30332090453
4220.510957911962
4249.341505941683
4278.172053971405
4286.786059175408
4291.708347863409
4314.5618310577
4332.844617613134
4340.228050645136
4350.600016094853
4367.828026502857
4398.592330802865
4410.898052522868
4423.379570267443
4437.091660184018
4479.810094154886
4481.9196464497445
4494.049572145176
4529.911961157757
4543.799847098903
4571.048230907482
4580.189624185199
4594.780694224631
4596.187062421202
4620.622709836638
4619.743729713779
4641.894028809786
4658.7704471686475
4661.934775610935
4681.096542289225
4691.29271171437
4704.477413557232
4731.5500013412375
4757.392016953245
4777.256967729822
4812.240376619546
4832.456919445265
4854.431422516699
4872.186820998417
4893.458139971566
4904.181697470426
4930.375305131575
4928.968936935004
4944.438987097294
4973.621127176159
4980.125580085302
5009.835108237882
5030.930631186459
5062.925507658468
5098.96369269562
5122.696156012768
5144.670659084203
5182.291008342499
5215.86804903565
5230.10752702594
5251.378845999087
5267.552080259664
5285.659070790525
5315.192802918533
5319.763499557392
5350.352007832828
5377.424595616835
5387.62076504198
5416.09972102256
5451.786314010569
5470.244896590574
5504.1735293328675
5535.641017731163
5547.770943426594
5568.514874326029
5605.60783551061
5621.781069771186
5670.12497652834
5674.168285093485
5687.001394887202
5723.918560047212
5727.434480538642
5736.75166984093
5767.867566190081
5787.556720942086
5804.608935325519
5826.056050323239
5831.857319134097
5854.007618230104
5864.555379704391
5874.399957080394
5901.296748839829
5932.41264518898
5943.839386786127
5966.6928699804175
5977.9438155529915
6009.7628960004295
6026.287722310147
6044.746304890154
6078.323345583303
6102.583196974167
6121.0417795541725
6125.085088119316
6133.347501274176
6142.840486601036
6157.079964591326
6147.938571313609
6150.39971565761
6188.195860940476
6186.613696719332
6215.971632822769
6232.496459132487
6262.55757933421
6293.3218836342185
6323.734595885084
6343.247954612518
6371.551114568525
6396.338354033103
6394.931985836531
6411.105220097105
6409.874647925106
6425.696290136539
6433.431315217684
6440.111564151399
6449.252957429117
6433.607111242255
6435.892459561684
6447.494997183401
6444.858056814829
6466.6567638616925
6472.2822366479795
6485.1153464416975
6483.533182220554
6496.3662920142715
6511.133158078274
6533.28345717428
6543.655422623997
6542.952238525711
6564.0477614742895
6561.235025081147
6573.716542825721
6576.705075243435
6574.243930899434
6570.376418358861
6554.203184098286
6560.70763700743
6562.465597253145
6570.728010408005
6568.091070039432
6576.177687169721
6576.529279218864
6567.563681965718
6593.933085651439
6603.074478929156
6629.6196786394485
6643.507564580594
6646.496096998309
6647.726669170312
6661.438759086886
6658.626022693741
6662.493535234314
6674.975052978889
6653.000549907455
6654.934306177742
6663.724107406316
6659.680798841171
6676.029829126318
6679.721545642318
6683.237466133747
6689.390326993749
6687.280774698893
6689.390326993751
6704.332989082326
6693.433635558894
6680.776321789747
6682.534282035463
6685.698610477749
6689.741919042894
6672.338112610318
6667.767415971458
6672.865500684032
6660.383982939457
6659.153410767457
6680.424729740605
6693.609431583465
6702.223436787467
6702.047640762896
6709.431073794898
6728.417044448617
6731.405576866333
6726.659084202904
6754.7864481343395
6759.884532846912
6757.774980552054
6763.048861289199
6769.729110222915
6769.025926124628
6772.366050591485
6785.726548458918
6801.372394645779
6830.730330749217
6825.808042061215
6834.949435338932
6848.309933206364
6850.595281525793
6869.932844228656
6881.18378980123
6904.740457093807
6911.069113978379
6924.605407870384
6923.02324364924
6942.712398401246
6950.271627457819
6946.052522868104
6950.623219506961
6944.4703586469595
6956.072896268677
6961.874165079536
6972.421926553825
6986.661404544115
6995.451205772689
6998.791330239545
7019.886853188122
7043.795112529842
7064.011655355562
7096.182327852142
7109.367029695004
7115.344094530432
7123.782303709864
7142.240886289868
7158.062528501302
7171.950414442448
7197.089245956168
7194.276509563025
7217.129992757318
7205.000067061885
7226.4471820596045
7242.972008369323
7276.373253037905
7294.128651519623
7329.112060409347
7365.853429544784
7388.179524665362
7433.35910298023
7448.301765068807
7464.12340728024
7480.9998256391
7504.029104857964
7517.916990799109
7526.530996003112
7521.7845033396825
7527.058384076826
7542.528434239116
7553.251991737976
7560.987016819121
7583.137315915127
7600.18953029856
7616.011172509994
7630.426446524855
7653.631521768288
7677.363985085436
7694.0646074197275
7692.130851149441
7712.698986024305
7736.6072453660245
7783.368987902037
7800.596998310041
7820.461949086618
7840.326899863195
7866.696303548915
7896.405831701495
7905.019836905497
7937.366305426648
7952.308967515224
7956.703868129511
7973.580286488373
8032.9993427935315
8059.368746479251
8079.4094932804
8097.34068778669
8119.139394833553
8158.693500362135
8202.818302529575
8236.043751173584
8278.41059309531
8300.560892191314
8281.750717562169
8311.81183776389
8335.192709031895
8368.066565626761
8384.064003862764
8415.70728828563
8415.004104187345
8420.277984924489
8417.113656482205
8443.834652217067
8471.962016148504
8488.838434507365
8509.406569382225
8538.764505485662
8577.79122294053
8587.635800316531
8622.443413181683
8671.138911987982
8718.42804259771
8709.462445344565
8748.840754848574
8780.65983529601
8796.481477507445
8803.864910539445
8819.86234877545
8843.067424018886
8862.053394672605
8856.252125861745
8887.016430161753
8924.109391346336
8937.118297164625
8962.432924702916
8985.989591995494
9008.1398910915
9020.269816786933
9040.486359612652
9058.417554118942
9094.807331205237
9107.640440998955
9142.97544193782
9138.580541323534
9136.295193004105
9166.004721156685
9187.10024410526
9215.403404061268
9222.78683709327
9250.562608975564
9258.649226105852
9282.909077496715
9293.808431020147
9309.454277207005
9320.529426755009
9326.330695565868
9345.140870195017
9351.996915153304
9373.09243810188
9369.752313635023
9389.968856460742
9399.813433836745
9412.47074760589
9444.4656240779
9470.307639689905
9503.005700260203
9507.927988948202
9535.703760830495
9560.139408245928
9579.12537889965
9578.246398776791
9590.552120496794
9596.704981356796
9627.645081681376
9622.019608895089
9615.515155985946
9622.722792993374
9597.583961479653
9599.693513774511
9595.826001233938
9622.01960889509
9621.668016845948
9632.215778320235
9633.622146516807
9680.559685077389
9691.28324257625
9696.02973523968
9718.180034335684
9730.485756055688
9753.515035274553
9766.699737117413
9774.434762198558
9784.103543549987
9775.137946296843
9757.03095576598
9744.197845972265
9746.658990316264
9736.81441294026
9733.474288473404
9722.750730974543
9720.816974704258
9742.791477775692
9736.111228841975
9730.134164006548
9731.892124252261
9739.099761259691
9752.636055151695
9771.094637731698
9782.872971377989
9790.080608385419
9783.927747525417
9761.074264331126
9759.14050806084
9758.08573191341
9753.515035274551
9791.48697658199
9789.553220311704
9789.904812360848
9772.50100592827
9784.630931623702
9789.201628262561
9791.838568631132
9779.35705088656
9791.662772606564
9805.550658547709
9774.083170149415
9741.912497652835
9750.526502856836
9764.06279674884
9752.28446310255
9730.134164006544
9730.134164006544
9745.955806217977
9740.154537407121
9721.871750851687
9732.595308350548
9769.8640655597
9758.437323962553
9746.658990316264
9726.96983556426
9734.529064620832
9746.483194291694
9751.405482979695
9753.866627323694
9767.227125191126
9760.195284208268
9739.099761259691
9764.765980847125
9764.238592773412
9780.76341908313
9790.959588508276
9768.457697363126
9759.140508060838
9762.129040478554
9727.848815687117
9707.632272861398
9724.508691220257
9699.369859706538
9690.05267040425
9682.84503339682
9688.82209823225
9702.18259609968
9721.871750851687
9721.344362777972
9755.097199495694
9772.149413879128
9729.255183883688
9717.301054212829
9704.995332492826
9688.470506183108
9657.354609833956
9619.734260575658
9592.310080742509
9573.49990611336
9556.799283779073
9539.395477346496
9548.009482550498
9558.90883607393
9564.710104884789
9560.13940824593
9571.038761769363
9588.442568201937
9596.353389307655
9591.25530459508
9593.189060865368
9605.3189865608
9612.350827543658
9604.791598487083
9590.903712545938
9594.419633037367
9585.102443735079
9603.03363824137
9595.82600123394
9591.606896644224
9572.26933394136
9570.86296574479
9565.06169693393
9574.378886236218
9579.301174924221
9576.312642506506
9586.50881193165
9574.730478285363
9582.465503366508
9577.191622629363
9594.243837012795
9578.949582875077
9597.23236943051
9588.090976152793
9583.344483489363
9590.727916521368
9582.641299391078
9572.796722015075
9531.66045226535
9551.525403041927
9545.372542181925
9551.525403041927
9521.99167091392
9499.665575793342
9519.882118619063
9520.76109874192
9517.948362348776
9515.838810053918
9525.859183454491
9517.596770299633
9507.576396899058
9498.43500362134
9485.074505753912
9478.218460795622
9468.725475468764
9460.463062313904
9458.001917969901
9457.65032592076
9464.330574854477
9434.269454652755
9433.56627055447
9450.6184849379
9462.748410633332
9477.691072721907
9480.679605139625
9500.368759891628
9497.907615547629
9514.256645832775
9513.377665709917
9544.141970009925
9556.096099680784
9541.153437592211
9543.79037796078
9543.614581936212
9552.9317712385
9551.173810992786
9569.105005499074
9565.06169693393
9575.082070334505
9584.223463612221
9594.243837012797
9602.857842216798
9607.428538855656
9624.48075323909
9616.04254405966
9604.967394511656
9584.926647710508
9569.63239357279
9569.105005499076
9583.168687464795
9568.929209474503
9578.597990825934
9594.243837012797
9603.03363824137
9604.44000643794
9628.172469755089
9651.377544998522
9690.931650527107
9716.773666139114
9711.148193352827
9718.7074224094
9715.543093967113
9717.301054212829
9713.433541672255
9746.131602242549
9753.16344322541
9742.791477775692
9732.067920276833
9727.321427613402
9733.825880522545
9741.209313554547
9756.327771667697
9779.532846911128
9804.847474449423
9791.662772606562
9798.518817564849
9827.876753668286
9831.392674159715
9840.18247538829
9852.31240108372
9870.946779688296
9866.727675098582
9870.24359559001
9895.382427103732
9939.3314332466
9949.00021459803
9953.219319187749
9970.447329595754
9984.68680758604
9989.784892298614
10006.837106682047
10042.347903645485
10045.688028112343
10028.284221679767
10001.387429920333
10008.770862952335
10011.056211271763
10028.811609753484
10036.019246760912
10073.112207945493
10090.867606427211
10074.694372166636
10096.844671262641
10106.3376565895
10144.836985970654
10145.36437404437
10160.482832157515
10170.503205558089
10198.10318141581
10170.679001582661
10169.272633386088
10197.224201292955
10205.13502239867
10219.37450038896
10220.077684487245
10242.227983583252
10258.225421819256
10246.447088172967
10229.219077764963
10259.807586040399
10272.99228788326
10290.923482389551
10294.087810831837
10310.788433166126
10309.557860994126
10327.313259475844
10346.475026154136
10370.559081520427
10377.590922503286
10368.097937176428
10362.120872340996
10344.892861932993
10335.575672630703
10325.731095254701
10335.04828455699
10346.82661820328
10343.48649373642
10330.30179189356
10337.33363287642
10347.002414227849
10356.846991603852
10380.931046970143
10393.939952788432
10416.441843933582
10405.190898361008
10392.181992542719
10379.348882749
10404.839306311864
10416.793435982725
10429.802341801014
10435.955202661014
10428.0443815553
10428.571769629016
10421.891520695297
10448.788312454733
10454.765377290163
10454.58958126559
10463.379382494166
10476.564084337026
10479.025228681026
10483.420129295315
10504.867244293033
10522.622642774755
10524.55639904504
10521.216274578182
10513.481249497034
10552.683762976474
10559.715603959334
10546.530902116474
10558.309235762763
10572.021325679336
10572.54871375305
10560.242992033049
10547.058290190189
10558.836623836476
10586.085007645055
10569.560181335337
10548.288862362191
10540.37804125647
10539.850653182755
10549.519434534188
10540.202245231902
10560.770380106762
10578.52577858848
10566.747444942193
10524.204806995895
10531.060851954182
10559.012419861047
10570.966549531908
10567.978017114194
10565.692668794763
10595.226400922771
10579.404758711338
10581.162718957054
10589.073540062771
10629.682421738782
10625.111725099923
10621.068416534777
10650.426352638216
10648.316800343357
10649.019984441642
10619.310456289066
10643.570307679925
10649.195780466214
10622.47478473135
10618.255680141634
10640.054387188497
10611.75122723249
10609.641674937633
10602.25824190563
10594.171624775343
10613.509187478205
10610.344859035918
10604.719386249631
10612.981799404493
10606.828938544491
10591.534684406772
10629.330829689636
10622.29898870678
10646.910432146784
10642.69132755707
10622.65058075592
10636.89005874621
10620.013640387348
10647.086228171358
10634.428914402211
10645.504063950215
10628.276053542211
10629.682421738784
10616.14612784678
10625.287521124495
10648.844188417072
10631.440381984494
10671.170283537649
10664.841626653075
10674.334611979933
10669.939711365649
10680.66326886451
10658.337173743932
10643.921899729072
10650.074760589072
10639.702795139354
10640.933367311354
10624.408541001636
10633.022546205639
10664.665830628504
10663.259462431934
10643.042919606212
10654.821253252501
10675.916776201078
10668.884935218219
10655.524437350787
10673.455631857078
10680.135880790793
10699.473443493656
10676.619960299364
10667.126974972507
10678.905308618796
10695.957523002227
10681.718045011936
10689.27727406851
10710.9001850908
10688.04670189651
10671.170283537649
10649.898964564502
10662.732074358219
10683.12441320851
10700.528219641086
10712.130757262803
10713.537125459376
10709.142224845087
10712.658145336518
10720.920558491378
10731.995708039381
10726.018643203952
10708.08744869766
10704.923120255375
10709.845408943374
10683.12441320851
10706.505284476516
10711.95496123823
10712.833941361088
10742.71926553824
10751.157474717671
10770.31924139596
10782.800759140533
10789.832600123395
10753.091230987957
10749.57531049653
10740.785509267955
10732.17150406395
10725.139663081092
10706.505284476516
10699.121851444514
10691.914214437082
10708.790632795944
10683.827597306796
10702.637771935943
10733.050484186808
10752.38804688967
10752.036454840525
10761.002052093672
10778.405858526248
10791.942152418253
10793.524316639396
10798.622401351968
10807.060610531398
10827.980337455403
10820.24531237426
10820.245312374258
10832.023646020547
10841.516631347407
10838.000710855978
10845.032551838838
10845.032551838836
10783.679739263393
10814.444043563402
10800.731953646826
10811.279715121116
10817.95996405483
10849.07586040398
10861.029990074843
10868.589219131416
10887.926781834278
10899.001931382281
10956.838823466296
10975.12161002173
10984.966187397731
11009.050242764024
11000.612033584592
10994.810764773732
10990.591660184016
10994.45917272459
10995.51394887202
11002.545789854878
11029.794173663457
11041.396711285175
11065.83235870061
11064.953378577753
11111.011937015479
11130.876887792056
11134.217012258914
11142.831017462913
11129.470519595481
11132.81064406234
11140.369873118914
11124.37243488291
11124.020842833768
11115.934225703479
11104.859076155475
11094.662906730333
11128.415743448055
11129.294723570913
11161.465396067491
11182.912511065211
11175.353282008637
11188.713779876069
11211.039874996644
11223.697188765793
11226.685721183509
11248.836020279514
11248.836020279514
11269.228359129807
11287.862737734384
11269.052563105235
11271.337911424664
11269.931543228091
11268.52517503152
11287.686941709811
11280.127712653237
11289.796494004668
11298.234703184098
11307.376096461816
11310.540424904102
11347.45759006411
11383.847367150405
11423.57726870356
11444.321199602995
11439.926298988707
11457.681697470425
11448.364508168137
11458.38488156871
11480.007792591005
11460.318637838998
11464.36194640414
11467.877866895571
11470.866399313285
11479.83199656643
11509.717320743584
11519.386102095013
11541.536401191019
11551.556774591594
11568.608988975026
11605.350358110463
11617.128691756752
11621.172000321896
11628.555433353898
11632.2471498699
11613.964363314468
11625.918492985327
11632.598741919044
11638.04841868076
11614.667547412753
11596.736352906462
11634.708294213902
11655.979613187052
11670.04329515277
11694.478942568203
11712.585933099064
11733.681456047641
11740.361704981358
11759.347675635077
11772.532377477937
11810.680114809948
11798.725985139086
11780.618994608223
11764.445760347648
11752.84322272593
11753.722202848789
11783.60752702594
11797.847005016229
11792.573124279084
11818.063547841948
11816.129791571664
11838.455886692238
11872.208723409964
11910.356460741974
11934.616312132837
11962.39208401513
11946.394645779126
11976.983154054562
11967.841760776846
11960.634123769416
11976.983154054564
11987.355119504278
12000.891413396283
11999.48504519971
11992.804796265993
11999.66084122428
12016.888851632284
12000.012433273427
12034.820046138579
12052.927036669442
12052.399648595725
12050.114300276295
12033.94106601572
12047.12576785858
12050.46589232544
12058.200917406582
12052.751240644866
12066.46333056144
12049.235320153439
12032.358901794574
12026.381836959146
12024.623876713431
12050.465892325437
12034.468454089432
12059.079897529438
