430.13695475574923
430.3489098811464
430.56085297452114
430.77278403199995
430.9847030497101
431.1966100237783
431.4085049503315
431.62038782549683
431.83225864540094
432.044117406171
432.25596410393376
432.4677987348162
432.6796212949454
432.89143178044793
433.1032301874511
433.3150165120816
433.52679075046655
433.7385528987326
433.950302953007
434.1620409094164
434.3737667640879
434.58548051314835
434.79718215272476
435.008871678944
435.22054908793297
435.4322143758186
435.6438675387279
435.8555085727877
436.06713747412493
436.27875423886667
436.4903588631397
436.70195134307096
436.9135316747874
437.1250998544159
437.3366558780836
437.54819974191713
437.75973144204363
437.97125097458996
438.18275833568293
438.39425352144974
438.605736528017
438.8172073515119
439.0286659880613
439.240112433792
439.45154668483104
439.66296873730533
439.87437858734177
440.0857762310674
440.29716166460895
440.50853488409354
440.71989588564804
440.9312446653993
441.14258121947427
441.35390554399993
441.5652176351033
441.7765174889111
441.98780510155035
442.19908046914804
442.410343587831
442.6215944537262
442.83283306296056
443.04405941166107
443.2552734959545
443.46647531196794
443.6776648558283
443.88884212366247
444.1000071115974
444.3111598157598
444.522300232277
444.7334283572756
444.94454418688275
445.15564771722524
445.3667389444299
445.57781786462397
445.7888844739341
445.99993876848737
446.2109807444107
446.4220103978309
446.633027724875
446.84403272166986
447.05502538434246
447.2660057090198
447.4769736918286
447.687929328896
447.8988726163488
448.1098035503139
448.32072212691844
448.53162834228914
448.742522192553
448.9534036738369
449.16427278226786
449.37512951397275
449.5859738650785
449.796805831712
450.00762541000023
450.21843259607016
450.42922738604864
450.6400097760626
450.850779762239
451.0615373407047
451.2722825075868
451.4830152590121
451.6937355911075
451.9044435
452.1151389818165
452.32582203268385
452.5364926487292
452.74715082607923
452.95779656086097
453.16842984920135
453.37905068722733
453.58965907106585
453.80025499684376
454.010838460688
454.22140945872553
454.4319679870832
454.64251404188815
454.85304761926704
455.063568715347
455.2740773262548
455.48457344811754
455.695057077062
455.90552820921516
456.11598684070395
456.32643296765536
456.5368665861962
456.7472876924535
456.9576962825541
457.16809235262497
457.37847589879306
457.58884691718526
457.79920540392857
458.0095513551498
458.219884766976
458.4302056355339
458.6405139569507
458.85080972735324
459.06109294286836
459.271363599623
459.48162169374405
459.6918672213586
459.9021001785935
460.11232056157564
460.322528366432
460.5327235892894
460.74290622627495
460.95307627351536
461.16323372713777
461.37337858326896
461.5835108380359
461.79363048756557
462.00373752798487
462.2138319554207
462.423913766
462.63398295584966
462.84403952109665
463.054083457868
463.26411476229043
463.474133430491
463.6841394585966
463.8941328427341
464.10411357903064
464.3140816636129
464.52403709260795
464.73397986214263
464.94390996834403
465.15382740733895
465.3637321752543
465.573624268217
465.78350368235397
465.9933704137923
466.2032244586588
466.41306581308044
466.622894473184
466.8327104350965
467.042513694945
467.25230424885626
467.4620820929573
467.671847223375
467.8815996362362
468.0913393276681
468.30106629379736
468.51078053075105
468.720482034656
468.93017080163924
469.13984682782757
469.34951010934805
469.5591606423276
469.768798422893
469.97842344717134
470.18803571128944
470.3976352113743
470.6072219435529
470.81679590395197
471.02635708869866
471.2359054939197
471.4454411157422
471.654963950293
471.864473993699
472.07397124208705
472.2834556915844
472.49292733831766
472.7023861784139
472.91183220799996
473.12126542320283
473.3306858201495
473.54009339496673
473.74948814378166
473.95887006272096
474.1682391479117
474.3775953954809
474.58693880155545
474.7962693622622
475.005587073728
475.21489193207987
475.4241839334448
475.6334630739497
475.8427293497215
476.05198275688696
476.26122329157323
476.4704509499071
476.6796657280156
476.8888676220256
477.09805662806394
477.3072327422578
477.51639596073375
477.72554627961904
477.9346836950405
478.14380820312493
478.3529197999995
478.56201848179086
478.77110424462614
478.9801770846322
479.18923699793595
479.39828398066436
479.60731802894435
479.81633913890283
480.0253473066668
480.23434252836296
480.44332480011855
480.6522941180602
480.8612504783151
481.07019387701007
481.279124310272
481.48804177422784
481.6969462650045
481.905837778729
482.11471631152824
482.32358185952904
482.5324344188584
482.7412739856432
482.95010055601045
483.1589141260871
483.36771469200005
483.5765022498761
483.7852767958422
483.99403832602553
484.20278683655283
484.41152232355097
484.62024478314703
484.82895421146776
485.03765060464025
485.24633395879135
485.45500427004805
485.6636615345371
485.8723057483856
486.08093690772046
486.2895550086687
486.498160047357
486.70675201991247
486.9153309224619
487.12389675113235
487.33244950205074
487.540989171344
487.749515755139
487.95802924956257
488.16652965074184
488.3750169548037
488.583491157875
488.79195225608265
489.00040024555364
489.20883512241494
489.4172568827934
489.625665522816
489.8340610386096
490.04244342630113
490.2508126820176
490.45916880188594
490.667511782033
490.8758416185857
491.08415830767103
491.2924618454159
491.50075222794726
491.709029451392
491.917293511877
492.12554440552924
492.3337821284758
492.5420066768434
492.750218046759
492.95841623434956
493.16660123574195
493.37477304706323
493.5829316644403
493.791077084
493.99920930186926
494.207328314175
494.4154341170443
494.623526706604
494.831606078981
495.0396722303022
495.2477251566945
495.455764854285
495.6637913192006
495.871804547568
496.0798045355143
496.2877912791664
496.4957647746513
496.7037250180959
496.911672005627
497.1196057333716
497.3275261974567
497.5354333940092
497.743327319156
497.951207969024
498.1590753397401
498.36692942743133
498.5747702282246
498.78259773824686
498.990411953625
499.19821287048586
499.4060004849565
499.6137747931637
499.82153579123457
500.029283475296
500.23701784147477
500.44473888589795
500.65244660469244
500.86014099398517
501.067822049903
501.2754897685729
501.4831441461219
501.69078517867666
501.8984128623644
502.106027193312
502.3136281676462
502.5212157814941
502.72879003098257
502.93635091223854
503.143898421389
503.35143255456074
503.5589533078808
503.76646067747606
503.9739546594735
504.18143525
504.38890244518245
504.5963562411479
504.8037966340231
505.0112236199352
505.218637195011
505.42603735537745
505.63342409716137
505.8407974164898
506.04815730948974
506.25550377228797
506.4628368010116
506.67015639178726
506.8774625407421
507.084755244003
507.292034497697
507.49930029795087
507.7065526408916
507.91379152264597
508.12101693934113
508.328228887104
508.5354273620614
508.7426123603403
508.9497838780675
509.1569419113701
509.364086456375
509.5712175092091
509.77833506599933
509.98543912287255
510.1925296759558
510.399606721376
510.60667025526004
510.8137202737348
511.0207567729272
511.2277797489643
511.43478919797303
511.64178511608014
511.8487674994127
512.0557363440976
512.2626916462617
512.4696334020321
512.6765616075354
512.883476258899
513.0903773522493
513.2972648837138
513.5041388494191
513.7109992454921
513.9178460680597
514.1246793132489
514.3314989771867
514.538305056
514.7450975458157
514.9518764427606
515.158641742962
515.3653934425464
515.572131537641
515.7788560243725
515.9855668988682
516.1922641572546
516.3989477956588
516.6056178102081
516.8122741970287
517.0189169522481
517.2255460719929
517.4321615523902
517.638763389567
517.84535157965
518.0519261187663
518.2584870030428
518.4650342286063
518.6715677915839
518.8780876881026
519.084593914289
519.2910864662701
519.4975653401733
519.704030532125
519.9104820382522
520.1169198546821
520.3233439775413
520.529754402957
520.7361511270559
520.9425341459652
521.1489034558116
521.355259052722
521.5616009328235
521.767929092243
521.9742435271073
522.1805442335434
522.3868312076783
522.5931044456389
522.799363943552
523.0056096975446
523.2118417037437
523.4180599582762
523.624264457269
523.830455196849
524.0366321731432
524.2427953822785
524.4489448203817
524.6550804835798
524.861202368
525.0673104697689
525.2734047850136
525.4794853098607
525.6855520404375
525.8916049728709
526.0976441032878
526.3036694278151
526.5096809425794
526.7156786437081
526.921662527328
527.1276325895659
527.3335888265489
527.5395312344036
527.7454598092575
527.9513745472369
528.1572754444693
528.3631624970811
528.5690357011996
528.7748950529516
528.980740548464
529.1865721838637
529.3923899552778
529.598193858833
529.8039838906565
530.0097600468749
530.2155223236155
530.421270717005
530.6270052231702
530.8327258382382
531.0384325583359
531.2441253795904
531.4498042981284
531.6554693100768
531.8611204115628
532.0667575987129
532.2723808676545
532.4779902145143
532.683585635419
532.8891671264961
533.094734683872
533.3002883036738
533.5058279820286
533.711353715063
533.9168654989041
534.122363329679
534.3278472035144
534.5333171165372
534.7387730648744
534.944215044653
535.1496430519999
535.3550570830421
535.5604571339063
535.7658432007195
535.9712152796087
536.176573366701
536.381917458123
536.5872475500018
536.7925636384641
536.9978657196373
537.2031537896479
537.408427844623
537.6136878806897
537.8189338939744
538.0241658806045
538.229383836707
538.4345877584085
538.639777641836
538.8449534831162
539.0501152783767
539.255263023744
539.4603967153449
539.6655163493066
539.8706219217559
540.0757134288197
540.2807908666249
540.4858542312986
540.6909035189677
540.8959387257588
541.1009598477993
541.3059668812159
541.5109598221356
541.7159386666852
541.9209034109916
542.1258540511819
542.330790583383
542.5357130037218
542.7406213083251
542.9455154933199
543.1503955548333
543.3552614889919
543.560113291923
543.7649509597533
543.9697744886097
544.1745838746193
544.379379113909
544.5841602026055
544.788927136836
544.9936799127272
545.1984185264063
545.4031429739999
545.6078532516353
545.8125493554392
546.0172312815383
546.2218990260601
546.4265525851309
546.6311919548782
546.8358171314286
547.040428110909
547.2450248894467
547.4496074631679
547.6541758282003
547.8587299806704
548.0632699167052
548.2677956324319
548.472307123977
548.6768043874677
548.8812874190306
549.085756214793
549.290210770882
549.494651083424
549.6990771485462
549.9034889623755
550.1078865210386
550.312269820663
550.516638857375
550.7209936273018
550.9253341265705
551.1296603513077
551.3339722976407
551.538269961696
551.7425533396008
551.946822427482
552.1510772214665
552.3553177176811
552.5595439122529
552.7637558013089
552.9679533809758
553.1721366473807
553.3763055966506
553.5804602249119
553.7846005282922
553.9887265029181
554.1928381449167
554.3969354504146
554.601018415539
554.8050870364167
555.0091413091748
555.2131812299401
555.4172067948396
555.6212179999999
555.8252148415485
556.0291973156119
556.2331654183172
556.4371191457913
556.6410584941609
556.8449834595533
557.0488940380953
557.2527902259138
557.4566720191358
557.6605394138879
557.8643924062974
558.0682309924913
558.2720551685961
558.475864930739
558.679660275047
558.8834411976468
559.0872076946655
559.29095976223
559.4946973964672
559.698420593504
559.9021293494674
560.1058236604842
560.3095035226816
560.5131689321862
560.7168198851249
560.9204563776251
561.1240784058133
561.3276859658166
561.5312790537619
561.7348576657758
561.9384217979859
562.1419714465188
562.3455066075013
562.5490272770604
562.752533451323
562.9560251264161
563.1595022984667
563.3629649636015
563.5664131179477
563.769846757632
563.9732658787814
564.176670477523
564.3800605499833
564.5834360922898
564.786797100569
564.9901435709479
565.1934754995536
565.3967928825128
565.6000957159528
565.803383996
566.0066577187816
566.2099168804247
566.4131614770561
566.6163915048024
566.8196069597909
567.0228078381485
567.2259941360021
567.4291658494786
567.6323229747051
567.835465507808
568.0385934449147
568.241706782152
568.444805515647
568.6478896415263
568.8509591559169
569.0540140549459
569.2570543347404
569.4600799914268
569.6630910211325
569.866087419984
570.0690691841086
570.272036309633
570.4749887926843
570.6779266293894
570.8808498158749
571.0837583482682
571.2866522226961
571.4895314352854
571.692395982163
571.8952458594559
572.0980810632911
572.3009015897956
572.5037074350961
572.7064985953195
572.909275066593
573.1120368450432
573.3147839267974
573.5175163079823
573.7202339847249
573.9229369531519
574.1256252093906
574.3282987495678
574.5309575698102
574.733601666245
574.936231034999
575.1388456721991
575.3414455739725
575.5440307364456
575.7466011557459
575.949156828
576.1516977493347
576.3542239158775
576.5567353237548
576.7592319690937
576.961713848021
577.1641809566637
577.366633291149
577.5690708476034
577.7714936221541
577.9739016109279
578.1762948100519
578.3786732156528
578.5810368238577
578.7833856307935
578.985719632587
579.1880388253652
579.390343205255
579.5926327683836
579.7949075108776
579.9971674288639
580.1994125184698
580.4016427758219
580.6038581970471
580.8060587782726
581.0082445156249
581.2104154052314
581.4125714432189
581.6147126257142
581.8168389488443
582.0189504087359
582.2210470015164
582.4231287233123
582.6251955702509
582.8272475384588
583.0292846240629
583.2313068231905
583.4333141319682
583.6353065465231
583.8372840629821
584.039246677472
584.2411943861198
584.4431271850525
584.6450450703969
584.8469480382802
585.0488360848288
585.2507092061703
585.4525673984311
585.6544106577384
585.8562389802191
586.058052362
586.259850799208
586.4616342879702
586.6634028244135
586.8651564046648
587.0668950248509
587.2686186810989
587.4703273695358
587.6720210862883
587.8736998274833
588.0753635892479
588.2770123677091
588.4786461589937
588.6802649592285
588.8818687645406
589.0834575710569
589.2850313749044
589.48659017221
589.6881339591004
589.8896627317029
590.0911764861438
590.2926752185509
590.4941589250506
590.69562760177
590.8970812448357
591.0985198503749
591.2999434145147
591.5013519333817
591.702745403103
591.9041238198055
592.1054871796158
592.3068354786617
592.5081687130692
592.7094868789657
592.9107899724779
593.1120779897328
593.3133509268578
593.514608779979
593.7158515452238
593.9170792187192
594.1182917965918
594.3194892749691
594.5206716499773
594.7218389177439
594.9229910743954
595.1241281160588
595.3252500388616
595.5263568389299
595.7274485123913
595.9285250553722
596.1295864639999
596.3306327344013
596.531663862703
596.7326798450323
596.9336806775161
597.134666356281
597.3356368774542
597.5365922371625
597.737532431533
597.9384574566925
598.1393673087679
598.3402619838864
598.5411414781744
598.7420057877592
598.9428549087679
599.1436888373269
599.3445075695637
599.5453111016047
599.7460994295772
599.946872549608
600.1476304578239
600.3483731503522
600.5491006233193
600.7498128728527
600.9505098950789
601.1511916861249
601.3518582421178
601.5525095591845
601.7531456334517
601.9537664610466
602.1543720380959
602.3549623607269
602.555537425066
602.7560972272404
602.9566417633771
603.1571710296029
603.357685022045
603.5581837368298
603.7586671700847
603.9591353179364
604.159588176512
604.3600257419382
604.560448010342
604.7608549778505
604.9612466405906
605.161622994689
605.3619840362728
605.5623297614687
605.7626601664041
605.9629752472055
606.1632749999999
606.3635594209145
606.5638285060759
606.7640822516112
606.9643206536473
607.1645437083109
607.3647514117295
607.5649437600293
607.7651207493378
607.9652823757817
608.165428635488
608.3655595245835
608.5656750391952
608.7657751754501
608.965859929475
609.1659292973968
609.365983275343
609.5660218594395
609.7660450458139
609.9660528305932
610.1660452099039
610.3660221798734
610.5659837366281
610.7659298762954
610.9658605950021
611.1657758888749
611.365675754041
611.5655601866273
611.7654291827606
611.9652827385678
612.165120850176
612.364943513712
612.5647507253028
612.7645424810752
612.9643187771563
613.164079609673
613.3638249747521
613.5635548685206
613.7632692871055
613.9629682266336
614.162651683232
614.3623196530275
614.5619721321468
614.7616091167174
614.9612306028658
615.160836586719
615.360427064404
615.5600020320476
615.7595614857769
615.9591054217186
616.1586338359999
616.3581467247477
616.5576440840886
616.75712591015
616.9565921990584
617.1560429469409
617.3554781499247
617.5548978041362
617.7543019057026
617.9536904507509
618.153063435408
618.3524208558007
618.5517627080559
618.7510889883009
618.9503996926622
619.1496948172669
619.3489743582421
619.5482383117143
619.7474866738107
619.9467194406584
620.145936608384
620.3451381731146
620.544324130977
620.7434944780982
620.9426492106053
621.1417883246249
621.3409118162843
621.5400196817101
621.7391119170293
621.938188518369
622.137249481856
622.3362948036172
622.5353244797794
622.73433850647
622.9333368798154
623.132319595943
623.3312866509793
623.5302380410515
623.7291737622865
623.9280938108109
624.126998182752
624.3258868742366
624.5247598813917
624.7236172003443
624.9224588272209
625.121284758149
625.3200949892552
625.5188895166664
625.7176683365097
625.9164314449118
626.115178838
626.3139105119009
626.5126264627414
626.7113266866488
626.9100111797495
627.108679938171
627.3073329580399
627.5059702354829
627.7045917666275
627.9031975476001
628.101787574528
628.300361843538
628.4989203507567
628.6974630923118
628.8959900643295
629.0945012629369
629.2929966842612
629.4914763244291
629.6899401795677
629.8883882458035
630.0868205192639
630.2852369960758
630.4836376723657
630.6820225442611
630.8803916078884
631.078744859375
631.2770822948476
631.4754039104329
631.6737097022583
631.8719996664503
632.070273799136
632.2685320964424
632.4667745544963
632.6650011694248
632.8632119373548
633.061406854413
633.2595859167266
633.4577491204221
633.6558964616272
633.854027936468
634.0521435410719
634.2502432715659
634.4483271240765
634.6463950947311
634.8444471796561
635.0424833749789
635.2405036768263
635.4385080813252
635.6364965846026
635.8344691827851
636.032425872
636.2303666483741
636.4282915080342
636.6262004471076
636.8240934617208
637.0219705480009
637.219831702075
637.4176769200697
637.6155061981123
637.8133195323293
638.011116918848
638.2088983537951
638.4066638332976
638.6044133534826
638.8021469104766
638.9998645004069
639.1975661194004
639.3952517635838
639.5929214290844
639.7905751120287
639.988212808544
640.185834514757
640.3834402267945
640.5810299407839
640.7786036528516
640.976161359125
641.1737030557306
641.3712287387956
641.568738404447
641.7662320488114
641.963709668016
642.1611712581877
642.358616815453
642.5560463359396
642.7534598157739
642.9508572510829
643.1482386379937
643.3456039726331
643.542953251128
643.7402864696053
643.937603624192
644.1349047110151
644.3321897262012
644.5294586658778
644.7267115261714
644.9239483032089
645.1211689931175
645.3183735920239
645.5155620960553
645.7127345013382
645.9098908039999
646.1070310001672
646.304155085967
646.5012630575264
646.698354910972
646.8954306424309
647.0924902480302
647.2895337238964
647.4865610661572
647.6835722709385
647.8805673343679
648.0775462525723
648.2745090216783
648.4714556378134
648.6683860971038
648.8653003956769
649.0621985296597
649.2590804951786
649.4559462883612
649.652795905334
649.849629342224
650.0464465951582
650.2432476602633
650.4400325336667
650.6368012114948
650.833553689875
651.0302899649339
651.2270100327984
651.4237138895958
651.6204015314526
651.817072954496
652.0137281548527
652.2103671286499
652.4069898720145
652.6035963810731
652.8001866519529
652.9967606807809
653.1933184636838
653.3898599967887
653.5863852762224
653.782894298112
653.9793870585842
654.175863553766
654.3723237797847
654.5687677327666
654.765195408839
654.9616068041287
655.1580019147627
655.3543807368682
655.5507432665714
655.7470895
655.9434194332804
656.1397330625398
656.3360303839052
656.5323113935032
656.728576087461
656.9248244619055
657.1210565129633
657.3172722367618
657.5134716294276
657.7096546870879
657.9058214058696
658.1019717818992
658.2981058113041
658.494223490211
658.6903248147469
658.8864097810388
659.0824783852136
659.278530623398
659.4745664917191
659.6705859863039
659.8665891032794
660.0625758387722
660.2585461889096
660.454500149818
660.650437717625
660.8463588884571
661.0422636584412
661.2381520237046
661.4340239803738
661.6298795245759
661.825718652438
662.0215413600869
662.2173476436493
662.4131374992522
662.6089109230229
662.804667911088
663.0004084595747
663.1961325646095
663.3918402223195
663.587531428832
663.7832061802734
663.9788644727709
664.1745063024514
664.3701316654417
664.5657405578689
664.7613329758599
664.9569089155417
665.1524683730408
665.3480113444846
665.5435378259999
665.7390478137137
665.9345413037528
666.130018292244
666.3254787753143
666.5209227490909
666.7163502097006
666.9117611532702
667.1071555759266
667.3025334737969
667.497894843008
667.6932396796866
667.88856797996
668.0838797399549
668.2791749557982
668.4744536236171
668.669715739538
668.8649612996883
669.0601903001948
669.2554027371843
669.4505986067841
669.6457779051206
669.8409406283209
670.0360867725124
670.2312163338212
670.426329308375
670.6214256923002
670.816505481724
671.0115686727734
671.2066152615749
671.401645244256
671.5966586169432
671.7916553757635
671.9866355168441
672.1815990363115
672.3765459302931
672.5714761949152
672.7663898263054
672.9612868205903
673.1561671738968
673.351030882352
673.5458779420826
673.7407083492157
673.9355220998782
674.1303191901969
674.325099616299
674.5198633743112
674.7146104603603
674.9093408705737
675.1040546010778
675.2987516480001
675.4934320074668
675.6880956756055
675.8827426485428
676.0773729224055
676.271986493321
676.4665833574157
676.661163510817
676.8557269496515
677.0502736700461
677.244803668128
677.4393169400239
677.6338134818609
677.8282932897657
678.0227563598653
678.2172026882871
678.4116322711571
678.6060451046031
678.8004411847517
678.9948205077295
679.1891830696641
679.3835288666817
679.5778578949098
679.7721701504751
679.9664656295045
680.160744328125
680.3550062424634
680.5492513686469
680.7434797028021
680.9376912410562
681.131885979536
681.3260639143684
681.5202250416803
681.7143693575988
681.9084968582506
682.1026075397631
682.2967013982625
682.4907784298763
682.6848386307311
682.878881996954
683.072908524672
683.2669182100118
683.4609110491006
683.654887038065
683.8488461730321
684.042788450129
684.2367138654823
684.4306224152191
684.6245140954665
684.818388902351
685.0122468320001
685.20608788054
685.3999120440983
685.5937193188016
685.7875097007767
685.981283186151
686.1750397710509
686.3687794516038
686.5625022239362
686.7562080841752
686.9498970284479
687.143569052881
687.3372241536017
687.5308623267366
687.7244835684126
687.918087874757
688.1116752418964
688.305245665958
688.4987991430685
688.6923356693547
688.885855240944
689.0793578539628
689.2728435045386
689.4663121887978
689.6597639028677
689.853198642875
690.0466164049466
690.2400171852097
690.4334009797909
690.6267677848173
690.820117596416
691.0134504107135
691.2067662238371
691.4000650319136
691.5933468310699
691.7866116174331
691.9798593871296
692.173090136287
692.366303861032
692.5595005574911
692.7526802217919
692.945842850061
693.1389884384253
693.3321169830117
693.5252284799473
693.7183229253591
693.9114003153735
694.1044606461179
694.2975039137192
694.4905301143042
694.683539244
694.8765312989333
695.0695062752311
695.2624641690204
695.455404976428
695.648328693581
695.8412353166061
696.0341248416305
696.2269972647811
696.4198525821844
696.612690789968
696.8055118842583
696.9983158611824
697.1911027168672
697.3838724474398
697.576625049027
697.7693605177556
697.9620788497527
698.1547800411452
698.3474640880598
698.540130986624
698.7327807329641
698.9254133232074
699.1180287534806
699.3106270199108
699.503208118625
699.6957720457498
699.8883187974125
