804,
706,
698,
754,
754,
802,
728,
768,
760,
766,
716,
806,
796,
718,
826,
768,
738,
818,
774,
896,
828,
916,
920,
902,
1004,
892,
838,
780,
808,
774,
798,
748,
832,
756,
816,
732,
780,
864,
770,
752,
796,
788,
838,
770,
808,
782,
786,
760,
816,
740,
828,
860,
770,
820,
792,
766,
822,
778,
818,
806,
858,
878,
868,
808,
858,
900,
978,
910,
820,
1020,
942,
938,
996,
1100,
1198,
1210,
1316,
1368,
1392,
1544,
1626,
1782,
1990,
2090,
2246,
2596,
2982,
3244,
3440,
3860,
4468,
4958,
5654,
6144,
6974,
7922,
9048,
9922,
10854,
12350,
13260,
15044,
16778,
18378,
20526,
22636,
24590,
27356,
29338,
32334,
34646,
37394,
40292,
43416,
46204,
48778,
52654,
54514,
57734,
60608,
62988,
65062,
67490,
70990,
73058,
74564,
76044,
77000,
78908,
80418,
81378,
81464,
82544,
82478,
81874,
81876,
81322,
80088,
79094,
77876,
76524,
75374,
72898,
71134,
68754,
66778,
65220,
62016,
58806,
56478,
54042,
51352,
48692,
45766,
43424,
41502,
38876,
36374,
34280,
32200,
30368,
28678,
26136,
24948,
23090,
21756,
20298,
18868,
17194,
16104,
15172,
14018,
13306,
12280,
11362,
10782,
10162,
9568,
9002,
8520,
8066,
7420,
7194,
6512,
6308,
5776,
5692,
5198,
5016,
4854,
4534,
4302,
4180,
3958,
3778,
3544,
3450,
3228,
3132,
2954,
2822,
2782,
2698,
2600,
2588,
2562,
2296,
2350,
2160,
2186,
2100,
2080,
2042,
1894,
1948,
1912,
1778,
1714,
1706,
1618,
1662,
1616,
1618,
1568,
1494,
1456,
1384,
1506,
1348,
1400,
1380,
1384,
1294,
1394,
1302,
1344,
1250,
1322,
1248,
1274,
1156,
1160,
1182,
1116,
1250,
1256,
1192,
1148,
1164,
1118,
1158,
