-1.1704872522059129
-1.2218488103188299
-1.167629312161035
-0.28578991943421234
-1.6462644203647239
-2.681290709803976
-1.5628849715576412
-0.2775489605169527
1.3738150601274268
0.592597889991855
0.7289332164198945
0.4431576824990568
1.1949766161013076
1.0964585605102752
0.7633133721270938
0.6633901144850411
0.8529724854292545
1.8773987770162868
1.5787776957550483
0.9186754120088084
0.7277952725669331
1.2262724885066072
0.6264045900751157
1.0325390610757954
1.0931714397016798
1.1094607845580848
1.1041417985954496
1.8280647049504055
1.1393254005381517
1.3721087519571464
1.2622503930741154
1.3965591063745952
1.874025997755765
1.002063164256787
1.5797835927995667
1.3774815385034807
0.9304069289397846
0.8966239423272981
1.0647253278447852
1.900302093477946
1.6797522604709327
1.0075103491527406
1.9510977119671993
2.150160981624965
1.0425817648043234
1.1416115071582773
2.4008462393995007
0.9560850821354219
1.4757810259519684
1.212471470577902
2.7145692375943233
1.2948997838919365
0.9450697944041555
1.4607179385117761
1.1988418325569232
1.8588807829024734
0.8279684001290557
1.0394707734974329
1.2338604317099446
1.404933628053678
1.568145827701299
1.6168004797646987
1.1356256939398752
2.0103109750784824
1.2565835835822536
1.625867503161338
1.404996525659104
1.2925349669084247
1.8355040619043943
1.1535227425349341
0.9286248231967718
1.1538017509702894
0.8743276554431026
2.375898657322867
1.0723710697253992
1.2008504996164298
1.05524307350011
1.5131455844885242
3.0825802264514817
1.180361441905931
2.4807253815784756
1.226835081579651
1.55437207451803
1.0587954517787614
1.1396792257083777
1.3713915284551628
1.474850297801234
1.8712490671679243
1.282595632703702
1.8056464713295894
1.0827273205709118
1.5419549163675512
1.7494866566670684
2.038184762589958
1.5887188393321123
2.6463570424164446
2.12876841025006
1.3762475488245334
1.2410335408661206
1.7230585340906568
1.5142856647327994
2.29697842091538
1.453309424989237
1.55221791558599
1.289946223242828
1.1597057133329072
1.295217919844656
1.2900128185239321
1.4750915371894613
1.9267055180383388
2.0455379015030783
1.3195097097467916
1.2823854123725194
1.655171706953746
1.1541982456323725
1.672427744115467
1.0360443165819335
2.2776092138961035
1.7691906057772724
1.3734778610763028
1.4150542311108099
1.1044519282462788
1.3183813843970666
1.6796323733468093
1.5692144295254848
1.6838575947067276
2.0264748945980022
1.2771371190979262
1.7168108333178709
1.439466506845351
1.4061979008578096
1.8511823586662657
2.4356699689367565
1.3937081179399666
1.3688369248294237
1.2802318901664365
1.6042486394927673
1.2883657224787437
1.2559089454847534
1.4343295226540391
1.4883865549385216
1.5995786204706153
1.1842112570723409
1.2604121466041518
1.720934138604473
1.6257532843799876
2.3845472409416835
1.3636918228246204
1.654299608622355
1.7605301825466655
2.160261246707439
1.4518500776881667
1.4924838112718108
1.2098978205700661
1.4051501088905807
1.3577987685868265
1.1411010363975282
1.436369806813268
1.2365002819366537
1.2645755042525324
1.5479569334072518
2.985522702826916
1.1173888858447836
1.2225527234147084
1.2963517340435204
1.3001294534713355
1.82678415731983
1.0924875333339217
1.7152378523542335
1.8326305480011231
3.0109356642273575
1.9914069176526115
1.8088376947946163
2.3140177803675006
1.7470787157635377
1.282756344733548
1.8249681675670106
1.3977904835011232
1.3483856273232662
1.3565991346220556
1.246463707231667
2.3167489188880896
1.810730440938837
1.9177005182711109
1.714659009054395
1.8410315532800523
2.4153907379953496
2.2052817161255582
1.6589589266268325
2.6257532861343793
1.7821800123947509
1.3270960887385816
1.5314789186199014
1.5138169622741304
3.038251044548305
1.6442697359532719
1.5684811043810682
2.145684652279764
1.5975742279496907
1.674511222226599
1.870743627001094
3.0646184128874143
1.890474249052302
1.2462382883213765
1.3127133661756785
1.242307526502187
2.598686310822212
1.571100253127601
1.3579866749420941
1.300080380210762
1.4607393594890892
1.4377454736689759
1.3059601844316602
3.0940216764760295
2.196245291900051
1.4947335804364943
1.3971119929756601
1.700281853633997
1.9340894542041305
1.6215304442698797
2.9434474044504473
1.5779370732673772
1.5081529100915791
1.723356777312605
1.4347969399861524
1.465663044052277
1.4737727842491473
2.844344016614443
1.6250973544279583
1.4601012841533278
1.5619592353333138
1.563914310961112
1.7478256794481644
3.1647988206886186
1.5483608712433294
1.649225245152124
1.3720067192313368
1.596104668150096
1.6802602990066635
2.9964908238465773
3.47687301625228
1.7958593353412977
2.099199523701914
2.068369379215637
2.3108045391165675
1.8094394616069918
1.5302872192309391
1.4454290241533145
1.3561039404332853
1.635277978821254
2.04319767890498
1.7127970633340541
1.8361816962399105
1.3960459886733991
1.8029173843621191
1.562779608270486
2.5134078705056844
1.7981647809631407
1.3979021194601722
1.7391577801003626
1.4782103246327745
1.5269305042032288
1.4764627345492947
1.5935761336456322
2.053608232021008
2.5607603603781968
1.508439233840427
2.3078015569169352
2.732355460426721
1.459350170544645
2.428732425528841
1.6268110047780924
1.3451952740509634
1.4382606932123354
1.452215151495365
1.2861104793781775
1.3663141222489703
1.7670422201544527
1.8373103032352498
1.656242639802314
1.6178050920006062
2.9196196872298983
1.7457994993079962
2.4844847252056863
1.5265977093905463
1.406871829811847
1.3008647637594628
1.9382924058958748
1.2959572985304253
1.500706096939805
1.6925020741958061
2.1714266310708257
1.53478735849835
1.956359831552887
1.6336848266744652
1.5737254451259075
1.9256282788103671
1.5437993813295938
1.851097820000661
1.472804654215402
1.7288084884469923
1.3594324701985347
1.4628256630757759
1.422038117370503
2.8452043839030847
1.5066947226676046
1.6759339676337046
1.4072624347559097
2.0448161456755187
2.8531591370612186
2.034241160290716
1.592445733288429
1.5850662519440963
1.9177339220830751
1.6041853470484817
1.44157449061159
2.1686658142345996
1.5047821167289914
1.5021735819710722
1.3448687599639033
1.9220413275106727
1.603229952190402
1.613621898971594
1.3560864071685939
1.5853223484861771
1.3339114039953752
1.8777616151370844
1.8493316502449029
1.4574143263082315
2.270449077740748
1.657470337541362
2.109891000758217
1.5970556181886804
1.7220831597133615
1.7519169671102524
1.3060977387430426
1.4278648827890827
1.7956432377269254
1.4734679418403462
1.6632727755038241
1.4686637567520555
1.298682169571857
1.7214811536714478
1.47540179876467
1.320995067371599
1.67814246672351
1.7383446761125425
1.948535573043559
1.6877270878424964
1.3772407661598307
1.9988265110556032
2.4526898194864524
1.726800293077248
1.699183430108769
1.4486064273401527
1.5836326890106274
1.6868021938410227
1.7103491047673205
1.4178745904548227
1.5343422325007126
1.4692414574452641
1.7238097667065733
1.6588938511986515
1.6634258244335833
1.5015343128042815
1.3135070462519363
1.5659372665102027
1.4800251021217294
1.7095257018259309
1.520935589557422
1.4320371323944248
1.2578417175480172
1.5041358192662524
1.4379638779645167
1.6640177273445373
1.6385756880899087
1.374696419648577
1.698786536397637
1.502248150626273
1.5681909750882492
1.4123876811487992
1.6305411072073754
1.528669041443648
1.489770403339452
1.5413428773620113
1.4814373785156576
1.5181377644220209
1.661968619934663
1.462968817045108
1.5252775386362603
1.417096133983695
1.5190683579716455
1.3628955146855404
1.5286773013276616
1.6880099706272575
1.490540360689702
1.4417574597109255
1.5676095036424187
1.699501468741359
1.4356131682590283
1.5368215831378502
1.613936641725781
1.7262353496727336
1.589069119926037
1.8492782209349379
1.607802179601355
1.4608023143633437
1.537870876333375
1.637364509651909
1.5781478342109125
1.4886298114053318
1.589935930186284
1.3767717473957672
1.6459512281418744
1.3855814507579118
1.9356933069204914
1.4731298738079681
1.347735218186387
1.4923527601107835
1.367156168872597
1.3597041043123324
1.5551251348429085
1.4694210473964568
1.5492598172570977
1.5806222336850704
1.4103252351896993
1.4763968264141292
1.597359952804624
1.563548031427088
1.3707771448284796
1.414938863609296
1.4673071811597933
1.6106815049007877
1.4879302716456386
1.7435599640632788
1.4712449898296864
1.4930852969430224
1.5092313643372495
1.5321732232933034
1.5733873912669087
1.4756348451016696
1.4947501639011238
1.5098928907576554
1.4465924108817507
1.5054236725778907
1.4192452587162014
1.4983214955811486
1.5496083826033407
1.5489720795789363
1.5021999759181075
1.4982258319065005
1.5030860714259242
1.6309961499876136
1.5714488592060316
1.532029636804906
1.416702513847581
1.4499446926318642
1.4786926103157632
1.5678958148454771
1.6209691501153465
1.5494808885848814
1.4982800953531268
1.507853848599317
1.520601813016801
1.466565018015182
1.5066167564090922
1.4785244689923716
1.5047959632346828
1.5008028675633585
1.5186277181155405
1.4810210924914142
1.4392444038648282
1.5895196893608745
1.484743827766789
1.5378864066612445
1.4398533821518507
1.5875724454976672
1.5183722032600873
1.5823289640963165
1.4943417641770071
1.479937689004161
1.537478058296781
1.6196767655831628
1.5816609660929648
1.460110569104284
1.5738393083683717
1.5557991892524032
1.3975747737077349
1.4985539906342888
1.4954612061126062
1.603046288867526
1.5371033596272887
1.4715489676866227
1.4881805754287
1.5254759091331151
1.4675657042462251
1.6916051217804868
1.5071524092415858
1.5284308921933176
1.498651762759119
1.5056052444825299
1.4874019767071889
1.4938743542105666
1.4592853325201083
1.5426393124347844
1.5340013676861732
1.5031360665905862
1.5141529472104212
1.5013212438322179
1.501797802732874
1.510577167213739
1.423236771101399
1.490274607134882
1.54531687612001
1.4681031037692571
1.5832518116176109
1.5031424969601408
1.4705724816969872
1.5563630289648314
1.5527316011402899
1.5923325587702755
1.535337557588038
1.5200488091023758
1.535661423008502
1.5620994221673723
1.4532579490924915
1.5444878622662777
1.5449160811320446
1.5825175988796598
1.5461359473154488
1.4172569729816769
1.5601735974677524
1.4801215740561968
1.515325239245353
1.54497485523145
1.544025242193986
1.5079609558585425
1.5718965860643266
1.5651643383805462
1.5114434279253985
1.5398357185016591
1.5047448243730899
1.5235118790281983
1.5768124226244893
1.5792859370528045
1.5201043591663883
1.5246312491707785
1.543937790658314
1.58246123935829
1.482453588570174
1.5279305558629392
1.5377098713929325
1.6460300994484214
1.5608203872003439
1.4759520470819525
1.5659859029071534
1.5419017995086732
1.5290809816822624
1.5585745497299133
1.600736435971214
1.606045092700525
1.5119076430237377
1.558284189975695
1.569531383194803
1.6217171749195909
1.5592779832465222
1.607417474974751
1.4810457261387289
1.4851418568351646
1.6151937379533265
1.5418560612972734
1.5121584259826073
1.6077381238944624
1.5171966583265684
1.5334404948008953
1.487659846445648
1.5483610540788932
1.5022414873380814
1.5854721313172229
1.5982315796597963
1.5699325083595377
1.5747776143482648
1.5612592169253854
1.6440391649521267
1.593820662050394
1.5490844354824087
1.5648464243981401
1.5276779083226866
1.5535113446617257
1.5981724714192698
1.5961751674460398
1.5670462122473865
1.6236502715543242
1.5616446665630326
1.4940908061994627
1.5998433497801525
1.4951368863036019
1.6253699113975524
1.5072337906921105
1.584892803843464
1.5186256125573858
1.5198717023294679
1.7266773198435639
1.5511344926408779
1.570569505561661
1.5590940199301537
1.4500065533856747
1.6335496308990194
1.5684080521590884
1.5858918348906088
1.479066993584658
1.6098202519203928
1.5812080197579137
1.594870276172989
1.6470364070922388
1.5296757057121193
1.5730799102974233
1.538917084317801
1.6463939550778595
1.5235023251967128
1.5356273446744673
1.5402972905556718
1.5620843504473862
1.5599204825835538
1.4942078550212905
1.5775681996804105
1.597773514672
1.6082765431862749
1.5531745670339374
1.5410478965614116
1.594633622444502
1.5759996858919518
1.588155372911252
1.5699537057316673
1.526364440531885
1.605205220597042
1.5813290221738643
1.5392950918378756
1.5522691495004355
1.5915396134059032
1.5950596871652598
1.5972350238225823
1.5276613948526911
1.5342284873374397
1.584486637079178
1.5835040780240144
1.5849444936429735
1.5623992864885268
1.6584683131598055
1.5263191448287656
1.5787941009766753
1.5067444557586378
1.5077160027665628
1.6684756979084256
1.5633450839927108
1.5534726544481443
1.5508760000860604
1.5761421864106153
1.5401361146313637
1.5648562061702513
1.4860257483911434
1.5466246491230564
1.5881636126525325
1.6122375667268414
1.5146338778443975
1.540305025813943
1.5844898257274578
1.5232019838397395
1.551697811671676
1.6622655230593943
1.5370862007042922
1.6448403196987553
1.5380384520255486
1.5182195445220479
1.5266747694089138
1.5689197639908619
1.5927064894430212
1.5242991253555205
1.497750874865081
1.5643829081623066
1.50055290076746
1.5081085997328987
1.5300461837356663
1.5538819157750687
1.5044219671030619
1.6155372949464353
1.5709304471670729
1.5466528095140368
1.5407528762579585
1.5526035208368476
1.5128340700993375
1.5413380044155656
1.5412345380102694
1.5096677414648116
1.5356733957702513
1.4865121712587377
1.5108656609442852
1.4787779527286298
1.4886858833051322
1.5500831381085145
1.5039792132494718
1.57931340787557
1.513470382472751
1.5083005727988066
1.4746736768366506
1.4699020766852826
1.508629627005298
1.4222065976591873
1.5679230503775319
1.5388710464359283
1.5185801342600125
1.4989560144339311
1.4804682717853437
1.428037447791131
1.454632362023334
1.4061685276455973
1.4264371176477906
1.4568657083989638
1.4354923929102243
1.4486144446385791
1.478465639040129
1.4459082322471952
1.4906845415263763
1.4407054800469032
1.4191195998629247
1.45722202479648
1.3694485983009252
1.4091303481556579
1.4551723053294698
1.3892585327538314
1.439845135635047
1.414101510982511
1.4336988786361393
1.3875576125409346
1.4181053082973245
1.448626807916155
1.4049201851497162
1.4333231424461204
1.408904854004943
1.3669694629691547
1.3794595192748047
1.4199540047611563
1.4037999556378131
1.3661337761587533
1.4064539818254624
1.3681883056746271
1.3682648031691365
1.3787794551528
1.3922163645160825
1.3604349760767689
1.4091746058732892
1.3686176296724188
1.3989320265607637
1.3707951977537338
1.329832126832447
1.351671407931371
1.3182039564151131
1.3364008595677341
1.370773901306135
1.3370667768518165
1.3263999099618806
1.3164084968985619
1.3645275100838443
1.3471855261260752
1.338513637689459
1.2990822847664545
1.3181841746707625
1.3040146930964303
1.295566536132576
1.358004832851752
1.3080992746856865
1.3098512544869265
1.3074849643011783
1.3057422984496465
1.2699457630448865
1.2863467051796662
1.291524809641079
1.2874681748607808
1.2906055495345357
1.2528203880156097
1.273473411544169
1.2766406854136163
1.283755586168769
1.2777718305370207
1.2708401144030537
1.2576783661474393
1.2472749796452443
1.2654916702734527
1.2683821565271298
1.2342239493999783
1.2348668784064538
1.256197007511688
1.2406067613369143
1.2329792906912456
1.2543406962676409
1.2332171595071781
1.250811105282854
1.2228304642673007
1.2190765225593674
1.2158294425822198
1.2259340965162215
1.232919457047245
1.2194269707138898
1.2224299253840973
1.2369346534063854
1.1911707169421364
1.195946694191319
1.170433710065427
1.1802619031983428
1.1844249069260468
1.2237146574559823
1.168764395326391
1.1766375091393
1.1781845128221775
1.1874594062331776
1.1941185379718364
1.167985449169067
1.1587822270327848
1.161844740653905
1.1514843814267162
1.162441660424864
1.1587437423654634
1.1382830607012846
1.1706702897137096
1.1516363652716886
1.1666472628863023
1.1524840057967547
1.1552753676498566
1.1313225393621573
1.128842281649254
1.12384827286823
1.1317364459695691
1.122652290000298
1.1171626269846346
1.1299117111282468
1.1114064679531082
1.113471579746786
1.1088753974286958
1.1169631489086658
1.1150546384724016
1.0854273895899436
1.0951280095897167
1.0883530111945248
1.0856011355375175
1.1183499750151331
1.09370817739376
1.0938912792761544
1.1032385410384475
1.1037786679679273
1.0629796323694338
1.0856333124593747
1.0900457630381775
1.0773868011220071
1.0683542363323544
1.05285593391768
1.0773813254884825
1.0716108482863886
1.0635946744229745
1.0651705315211764
1.060626648895207
1.0562274699691223
1.0565387631957115
1.049552998986052
1.0674474618133645
1.0588251749489026
1.0497484334976004
1.0561029686698946
1.0391417385394919
1.0408370705071237
1.0398053323846022
1.0275328780067678
1.0302213638296016
1.0309674448245276
1.0171968547218533
1.0304031863469074
1.0289212007483548
1.0352431528745025
1.0196538956971486
1.0249009430141707
1.02254687162415
1.0371119963585875
1.030091230331802
1.0125182336737588
1.03505745011487
1.0351823898744108
1.004121463457642
1.0052101076561055
1.0059739770043232
1.0042605586476567
0.99562226698813
0.9897175121433425
0.9985648802403364
0.9910725740768564
0.9993962921020972
1.0057869033916311
0.9986316086737348
0.9967923411221647
0.9938901169640458
0.9975155938571502
0.989585912259163
0.9801158425731511
0.9751485115369668
1.0000176587004146
0.9745475256756259
0.9802993395283783
0.9829432843970426
0.9582486956351053
0.9621449049964607
0.9605068317132515
0.9789109415857483
0.9645914546402549
0.9757194479855604
0.9705799320846017
0.9549450603678727
0.9616641293050877
0.9616828718761101
0.9623707004943899
0.9618107409242591
0.9635586674145475
0.9690902025164403
0.9552384631065576
0.9585722731063454
0.9670685919642517
0.9634083757737243
0.960030144712387
0.9619230473839758
0.9260445177321254
0.9332416334749994
0.9617359064393828
0.9432706178699561
0.9345184688637861
0.9405695159241659
0.9380433200577767
0.9504386478112551
0.9420740441162471
0.9336805557693189
0.9465275289408434
0.9347431468802573
0.9312130719466132
0.945712962291607
0.921412099831312
0.932484888715274
0.9322297963597532
0.9374889210959513
0.9207409169863924
0.9251202443229463
0.9280205992819559
0.9306096513169925
0.9236686781967398
0.9255051780501589
0.9259682839038612
0.9222211734823421
0.9281142949806868
0.9200158895310672
0.9212434484087852
0.9073047128388705
0.9145777517182339
0.9095708584665014
0.9232928427269054
0.915755122970723
0.9161921088023193
0.9132337576240406
0.9272717850710621
0.9197147348057584
0.9143038417015044
0.9171449617179633
0.9041825884646635
0.9011169791416364
0.9046016273663678
0.9223310150697347
0.9157997459179915
0.91250030369911
0.9177179789368596
0.9070203673575791
0.9141990615820242
0.9062147077040389
0.9140922389537806
0.8915937631579767
0.9095277553617701
0.9054637363361275
0.894288725882821
0.9082122797435811
0.905257813982837
0.9056254349929546
0.9077086465908426
0.9013319703161394
0.9031087947328326
0.8911825953432658
0.9031244255742774
0.8880141816509137
0.8921720829211224
0.8960043424598916
0.9009842508670641
0.8956789862875396
0.9072072728364428
0.8950261423661386
0.8920021889267911
0.9067774166063322
0.8926913250367177
0.8956214822858553
0.8886092203742927
0.8833838168299969
0.8899305259921327
0.8994208698353371
0.9014803047568711
0.8856525076342984
0.8984538146901846
0.8989897526993109
0.8863262873279941
0.8871318876909616
0.9074970024795879
0.8949060477679345
0.8844964960284231
0.8851476933042065
0.8841589564096162
0.8760906175695141
0.8822104975795533
0.8862677418321042
0.8936943318003892
0.8792940749328341
0.8897452675125564
0.8813856265867418
0.9028692875722675
0.8825714021015173
0.8830566162556046
0.8775454860261155
0.8862415757505896
0.8823417022290568
0.8735558745798342
0.8752914530319508
0.8786832837512449
0.8904036866815147
0.8935456867813678
0.884835841006417
0.877277570409523
0.8697066523599162
0.86972567438713
0.8738642815857441
0.8762028814104108
0.8874527294359651
0.8746236183364614
0.8713679321473924
0.8671539534249529
0.8689414609755534
0.8812856850367635
0.8802208621927775
0.8777367388438868
0.882857992442048
0.8747551344273324
0.8856530480438956
0.8855914279539083
0.8814133887784248
0.872344863667421
0.8730447554313909
0.8802783823672816
0.8637340657875774
0.8701650981187634
0.8705746967346074
0.8602606051574853
0.8653654861840715
0.8649859551142932
0.8771071687377519
0.8744741848597298
0.8817432178194995
0.8664297067623713
0.8662788991857635
0.8603961182869357
0.864377387295201
0.859565464524858
0.8711747106974347
0.8792326849847375
0.8915037314428315
0.8566575504412055
0.8625442959462863
0.8696329981384081
0.8718421968557669
0.8698348223236362
0.866541661795385
0.8730852040561049
0.8704160567509737
0.8661006541587192
0.8728691779151229
0.8859145527398898
0.8670997952240945
0.8657012419320856
0.8591747489372673
0.8601647825914329
0.8606919901229524
0.8842771040898243
0.8689657750157042
0.8694104272266148
0.8689152750041266
0.877562414876735
0.863234171558634
0.861953400878685
0.8675457352075028
0.8578071336417918
0.8676254120949423
0.8629544574994885
0.856352157037539
0.8652070284561312
0.8646718112730962
0.8557039173905514
0.8744641661338792
0.8712113505057926
0.870183599815295
0.8596622362879534
0.8618629231417964
0.8582982538078007
0.8653578666041166
0.8688688428309561
0.8626175690276677
0.8691120058525499
0.873793634671913
0.8678438310604557
0.8717117504645439
0.8557314768120858
0.863119025068159
0.8610579750365827
0.8630320240716719
0.8606709934912475
0.8577563688957598
0.8567421891996428
0.8745784714562904
0.8592453104000793
0.858204089142387
0.864831610422882
0.8608255722294306
0.8542504673595427
0.8560907096729656
0.882800122483016
0.8636289891415951
0.8643165957411317
0.8465570368806954
0.8621036677171677
0.8611236805585275
0.8533556341841129
0.8681224567320337
0.8610647727698548
0.8610607494707071
0.8628602656752604
0.8638979212856029
0.859197015195429
0.8597469838249953
0.8548854828833433
0.8598201978761599
0.8511273238494111
0.864983356229654
0.8603895518250433
0.8616759299667736
0.8571612187166392
0.8566299313864556
0.8697634749610549
0.8650040881900551
0.856750681285971
0.870180835751418
0.8579481272166903
0.8768099147912507
0.8665555824704568
0.8651625255927443
0.8637692175535208
0.8624104389845196
0.8626174899634923
0.8560684009134477
0.8574145359380161
0.8736979341670654
0.8545632192629835
0.8559873592050443
0.8674589941886477
0.8552250360448409
0.8530544211130928
0.8608845311952227
0.8524162808827029
0.8640205520683405
0.8642509341781229
0.8540470318392628
0.8560021659500033
0.8550088589245789
0.8655691681469686
0.8532250402432959
0.8626429305548187
0.8541004802378465
0.8580721119614779
0.8551057802816794
0.859471462495094
0.8544561409805321
0.8762860928078259
0.8699389138394402
0.8542151130127098
0.8592707394549424
0.8601990180277683
0.854444447655869
0.8482053024587971
0.8561143486819977
0.861361503449444
0.8621777420718147
0.8663415170406338
0.8597417193756243
0.8669211821656861
0.8675708124169166
0.8559978778747129
0.8511295932130214
0.8627666755404294
0.8570981607523794
0.854315936192834
0.8572632993585879
0.8616827548495369
0.855726106164388
0.85441023596571
0.8603312370964494
0.8514681860693759
0.8607702836056974
0.8530203571479084
0.8616967549252793
0.8607076436603532
0.8638936078577012
0.8516744133679485
0.8488954098359643
0.8546163796133551
0.8582004136537549
0.8440865869128112
0.8536151075696197
0.8474427305677457
0.8538740013204487
0.8523661861667469
0.8571371593832259
0.8562245718287266
0.8510235336007436
0.8538985791362096
0.853875036408136
0.8688092423030124
0.8740081844766611
0.8604745194891901
0.8589261790745016
0.8505296298814873
0.8543421353195129
0.8616119239428531
0.8535450800275944
0.859330373090871
0.8540401190113186
0.854818802561768
0.8546178638607168
0.857082404190089
0.8524740266402041
0.8424252607113666
0.8643712410379946
0.8433267295497817
0.8524842387619893
0.8701432279029251
0.8636859150098442
0.8644955747716835
0.8579678355634929
0.8596934468762171
0.8514027922014787
0.861368123404806
0.848797495185484
0.859885059750743
0.8532740615059405
0.8501308720586225
0.8565987618760715
0.8481848651788502
0.8627098261401096
0.8481906754893519
0.8557216773924519
0.8509295371204008
0.8521271425756164
0.8476496457488109
0.862407587802321
0.8642902530434047
0.8607877580643177
0.8495404778307596
0.8623324798230406
0.8630154989551564
0.854293526406603
0.8438942899890857
0.8515121630563609
0.862574582758256
0.8545692092283963
0.8470728266411199
0.8497853650604383
0.8549539940537562
0.8523762438636974
0.8568419696967233
0.846815406035001
0.8662457909581792
0.8471679688544822
0.8628556552143044
0.8573241253317421
0.8595751185823537
0.8520381735736406
0.8548735510243103
0.8488370952962511
0.8506550925191628
0.8608747470606122
0.8559234657586566
0.8515137078822154
0.8568211122675254
0.8480253778849426
0.8582678731379865
0.8558052922893664
0.8521204706138995
0.8507962813143816
0.8626479476028204
0.8616509190029064
0.8479359778073746
0.8533338050330869
0.8583508014775433
0.8477501205608358
0.8561106888636164
0.848430905188503
0.8592030314125865
0.8497884859592199
0.8541065151290842
0.8484959355567964
0.8588308730869868
0.8561355372302375
0.8559011167166409
0.8505340229691318
0.8529247209729125
0.8540545707862239
0.863019462771859
0.8720173857540906
0.8572402643203948
0.8447587458375456
0.8578449958402105
0.8475646037249193
0.8467657142194844
0.8597691698924065
0.8584276321438356
0.8534153747458023
0.8458797679838037
0.8499722316846787
0.8498549061801783
0.8537991798952463
0.8497311710448314
0.8540427179114337
0.858995327857484
0.8605026983455937
0.8444883397069058
0.8583367969387681
0.8496776482943017
0.8560515960515059
0.8572539799250465
0.8496656653729944
0.856982995484574
0.8537858677193156
0.8427016899631703
0.8428957770545851
0.8535742025613352
0.839866985359451
0.8458112449477672
0.8525071743270841
0.8544290698311516
0.8529441228672204
0.847309926920627
0.8616851728954261
0.8586967146618477
0.8423555006248633
0.8571118511110091
0.8551284550520445
0.8533008972101717
0.8542508124838445
0.8596771648834509
0.8487725575602716
0.8491463957642147
0.8473996649830714
0.8449705009527438
0.8470953642528554
0.8532980254038871
0.8495508404654138
0.8501511156972157
0.8593451220520189
0.8468226351630797
0.8522610521488707
0.8428030505498187
0.8642085475375378
0.8541539572103244
0.8436758466063211
0.8489894856088187
0.8598954557241435
0.8514368677338144
0.8536968720424772
0.8470420398104319
0.8541834282971581
0.847915606121856
0.8565557724748764
0.8503494100104246
0.8454968839836706
0.8375847621322727
0.8447670581263347
0.8546844715978356
0.8600605688651916
0.8533919772269833
0.8538606544693264
0.8375046482473362
0.8472847015984545
0.8505866252540396
0.8488691541155214
0.8420128586837143
0.8459916957142688
0.8457486615867229
0.8518558324283287
0.8593469787221685
0.8478564729863468
0.8494591645269234
0.849542550010788
0.8659423921408453
0.8545353056227535
0.8511654767377218
0.8419412779989329
0.8469129469102589
0.860225148474834
0.8485093473714886
0.852168714228387
0.8448593297752087
0.8420653828506128
0.8465876768744957
0.8482783286255694
0.8554015276894823
0.8552779341134544
0.8563481628809719
0.8521454736496927
0.8447015354805648
0.8448862406921408
0.8548467811987107
0.8560801387835778
0.8537758302883874
0.8505941307041719
0.8427866980025842
0.8495418936722804
0.8567765258974099
0.853548389421926
0.8501296163131873
0.8567950150123322
0.8517376827997966
0.8428423989716484
0.8576343313767777
0.856959465476693
0.8520336059754462
0.8475224533790618
0.8484718654493674
0.8416120915592957
0.8575952823678309
0.8459894741105768
0.8551970152679333
0.8474488194795374
0.8609187635559025
0.850086729785089
0.8446897304163916
0.8522332454854402
0.8559394612309162
0.8518306266485863
0.8619190487953552
0.8515364377167259
0.8414373114512348
0.8444080350869955
0.8482115763186284
0.8413751789045246
0.8578632867172808
0.8470218555127594
0.8471887070683572
0.8415569289494947
0.848153698495173
0.8509319749788081
0.8518026140517547
0.8466047021959243
0.8552653815831353
0.8586442294460706
0.8502737434669636
0.8434806011085402
0.8469288699270084
0.8488940883932732
0.852540009703789
0.8509004167894292
0.8529448168383416
0.8568349721468134
0.8413198205032208
0.8471701780379673
0.8590587811405657
0.8492930275242095
0.8407085946666667
0.8582239865305621
0.8454056418431498
0.8429910320173617
0.845752104209116
0.8523917023683989
0.8559929910915527
0.8453703894683314
0.8495860269504928
0.8480682368515995
0.8592552913662596
0.8468576969804369
0.8519657609284975
0.8478897967448538
0.8513524517935832
0.8586258640839398
0.8452934339492568
0.8524817577855354
0.8453977262670561
0.8494505686293009
0.8396000653892115
0.849217654695229
0.8476684783744532
0.8481362976611495
0.8482646593804659
0.8339533029033322
0.8511337024477573
0.8497684509978407
0.8439490836916023
0.8548421625952523
0.8461937856929856
0.8437481161538558
0.8452171545032121
0.8570249012870854
0.8501986957766762
0.8444263410594709
0.8554436257366613
0.8591984868796138
0.8487820481525948
0.8465009384684887
0.8453077363301338
0.8564779187677732
0.8514433308185425
0.8468753081154031
0.8559540975821571
0.8514339393640386
0.845163468918806
0.8431195921426373
0.8404857014127091
0.8473231853519133
0.8542975346796065
0.8550357044751533
0.8433899246283626
0.8521323759094045
0.8535156708429347
0.8460821167286701
0.8587047755322694
0.8522069969958193
0.8462120012920527
0.8539719754396166
0.8510812267428186
0.8451595791423423
0.8487149049779407
0.8503641942060849
0.8472562703247096
0.8537570163206915
0.8591866250676344
0.8420309451755122
0.8503103752366229
0.8534774565137688
0.8515341144599282
0.8389269428275106
0.8538977746355191
0.8510449974020321
0.8476612944359042
0.8451639585744409
0.8469165744753069
0.8563699673726368
0.8498943723375794
0.8521140529430647
0.8493265977982695
0.8593171563343334
0.8520664032862605
0.843782333681454
0.8510003968029114
0.8464669756965237
0.8585199507312482
0.8511020607661077
0.84834704681294
0.8460479557486252
0.8511749077465736
0.8544101806135663
0.8470637657695201
0.8500552748827437
0.8480817991840796
0.8515924930721126
0.8448396339658227
0.8456155253393116
0.8515663922118152
0.8492318517149452
0.856367584177269
0.8415322530719598
0.8557160863821589
0.8462270082100103
0.8440582412296201
0.8486686847589855
0.8468464222381927
0.8452273970712996
0.8576844444084408
0.8850730401172237
0.8637361358379684
0.8417578738447128
0.8358935610839814
0.8474755355493357
0.8419856297726985
0.8408120950687636
0.8493592733632102
0.8488247687057452
0.8461578214205798
0.8458280058136177
0.8450437301878828
0.8540698146826127
0.8474863008356254
0.850039271458099
0.8443229150853803
0.8485616996491105
0.8510921175253545
0.8526872305219643
0.8507021507901169
0.8524679225913748
0.8515323284846669
0.8527880706137249
0.8479398600131939
0.8437259141531142
0.8349644009642114
0.8545094764843314
0.8528380515596222
0.8489002417677692
0.8470448389430176
0.8484399256903798
0.8467531712683273
0.8485479058210816
0.8486641641373941
0.8434614351082073
0.8471955149377599
0.8429786615655424
0.8535253301021509
0.8518096937235573
0.8426516711876659
0.8604405876699649
0.8461346927015039
0.8399233553768485
0.8517588479299548
0.8483049387394781
0.84325173840051
0.8419205612617213
0.8499551726907228
0.8442503836508045
0.8528253873166731
0.8461354700989504
0.851430332712354
0.855910617764471
0.8518650462566226
0.8505541892060852
0.8431490429966826
0.8445201418928441
0.849592602554237
0.8509240476408867
0.8449931476754716
0.848119570833656
0.856572039028917
0.8488751252318119
0.8457116175102615
0.842829121905292
0.8493753147853387
0.8429799101584894
0.8433536517295958
0.8471499453934487
0.8452229008684345
0.8468230139923602
0.8447544964086731
0.852851598550613
0.8534069619020018
0.8508633635722843
0.8423895145064413
0.8470601308383192
0.845644684501695
0.842133829553899
0.845856316815896
0.8539201808380508
0.8427749872208651
0.8501874835582678
0.8552005924455949
0.8451716399819108
0.8438472693861366
0.8464764858272418
0.846993773020173
0.8458164246011276
0.8541204028774986
0.8386992578356598
0.8456237177777932
0.8445052255490916
0.8512290533059914
0.8383472106042131
0.847896109819839
0.845490919014794
0.8461340817092435
0.8448711244080488
0.843050166236363
0.8554944747349555
0.8490429512767406
0.8510023070804056
0.853409327434503
0.8414819832814657
0.8443351251329465
0.8455121768345396
0.8454233724331299
0.846823963355787
0.8420781686288762
0.8388533780273252
0.8394039852018168
0.850685589181295
0.8415271920780064
0.8449204149507005
0.8383715345059789
0.8541200395663291
0.8414459718016806
0.8415326644736357
0.847659087145248
0.8443899814297097
0.843405796624037
0.8456567361378767
0.8417013728533924
0.8379981981946438
0.8475386022351534
0.8469625180485779
0.8437940528161582
0.8382368318788878
0.8396346171505101
0.8431868020803598
0.8387189789313765
0.8486925522939538
0.8440518135967382
0.8442257916118402
0.8404040108064993
0.8544991860314317
0.8478336395531492
0.8497333735731504
0.8404268186180824
0.8431253237229965
0.8445866954713029
0.8392621946218936
0.8482585315066233
0.8480171471097342
0.8447054934064899
0.8442090772141424
0.8439909058333764
0.8489061406806093
0.8458356941120123
0.8443159138841312
0.84150111651657
0.8515556574698322
0.8418250915056594
0.8502297083072129
0.8454858416219813
0.844146973865344
0.8524697685265555
0.8458316901764983
0.8466681553470754
0.835285545960001
0.8416217038908214
0.8472449136769838
0.8510713804805948
0.843085489576596
0.8451506148607684
0.845037272747459
0.8504817891328283
0.839439921508294
0.8487642898419623
0.8417581091337384
0.8393679423120631
0.8380584947154385
0.8507765425867757
0.8516320241713468
0.8483244850353993
0.8476858768508618
0.84758131239377
0.839755698447811
0.8416348897267317
0.8500225523768449
0.8411922984275859
0.8462923374663585
0.8454502389346555
0.8450576865067595
0.8508522113106017
0.8429394935393453
0.8444392415421078
0.8447610123317207
0.8466080106595156
0.8434163641810133
0.8469086635601034
0.8400206208155989
0.8501222714958591
0.8438182549313697
0.848566429829601
0.8422356401312364
0.8536885526518321
0.8462336451915465
0.8483629577587056
0.8485083451355971
0.8483755963559009
0.8451858296924979
0.8438781877248193
0.8522334996236967
0.8472563996865818
0.8390785582002082
0.8313561648601591
0.8431855402829431
0.844710386225731
0.8384890517674662
0.8467309151870291
0.8435092417146111
0.8498086052704914
0.8453038305305787
0.8426361680149598
0.8578547286447511
0.8493569306581806
0.8444029410878775
0.8455215457293515
0.8445314072942119
0.8417170204197683
0.8455820003215039
0.8460795311579351
0.8482498606241221
0.852468064505551
0.8439508199627426
0.8457245438329727
0.8398770255012283
0.8550904592740705
0.8502429244186865
0.8478598342407553
0.8451739880366267
0.8423890400000892
0.8469848330442673
0.8483775667554768
0.8395845327865554
0.8394116264459697
0.8455839744620368
0.8496434024609594
0.8454499794990594
0.8461518248431431
0.843412716010533
0.8563578373639082
0.8448271029484777
0.8468201294437909
0.851257121007226
0.8436625448280478
0.846150651454994
0.8400910075590498
0.8457152775191069
0.8495276341130685
0.8379969471256875
0.8440195021738872
0.8504941763548107
0.8513486875362954
0.8526380015555644
0.8488582430295791
0.8450201905305617
0.8682733515218766
0.8545177810842117
0.8514303263706056
0.8454089852275879
0.8448488980246215
0.8461917715954081
0.8433255525836038
0.8513392806514961
0.8451987460037822
0.8497686501934532
0.8588029014832396
0.8490801304014305
0.8557782260195357
0.8443374498730355
0.8401156394648988
0.8481477569604319
0.8506580026634912
0.8409734099453771
0.8491926209619083
0.8511860349302548
0.8479849418163992
0.8570718983152091
0.8544709918848302
0.8560882340457551
0.8540234359630933
0.848804861708187
0.845732327542704
0.837464092239112
0.8522971733417093
0.8529048936538676
0.8433021920340403
0.8572995806642498
0.8461699281501744
0.8467678428182122
0.8528496093072241
0.8514971940949498
0.8470029439148304
0.8575499938135479
0.8481464773286983
0.8376961258290289
0.8556367437066658
0.8474407599870735
0.8511877011348712
0.8536118051002872
0.8461825950411634
0.8484533275026578
0.8539898638625792
0.8477190235155865
0.8407444586112883
0.8491179526960257
0.8474069753576453
0.8451172800043941
0.8430959731196381
0.8545065616262454
0.8448611768142663
0.8530498776288139
0.849478915844499
0.8581663360139602
0.8519202691753773
0.844279300783359
0.8528939980281888
0.8552897189559584
0.8512489800480161
0.8559899895618561
0.8524636726225738
0.8473811015211535
0.8524619884617992
0.8437431226418399
0.8607008858326196
0.852851886961268
0.85619738162645
0.8423491183372485
0.8474935676654938
0.852506443030504
0.8575491300591819
0.8562824420266847
0.8534301137729048
0.8509649323299429
0.8566135448821565
0.8524983842126636
0.8491318377027721
0.8456195552954959
0.8553254431797995
0.8472156203579375
0.8601327755102933
0.8567833552309098
0.8495244732309
0.850282861332506
0.849757850626792
0.8519978437838654
0.8586128387522494
0.8534872647107544
0.8512663309072054
0.847206669891844
0.8510117117014208
0.8548906683475925
0.8504234755396037
0.8511826129832731
0.8515171005786468
0.861703262926283
0.848995107958153
0.8477341466409789
0.8529129238646821
0.8531951144310616
0.8537459569325301
0.8582039437629458
0.8534905372332825
0.8491321466499151
0.8611925461079104
0.8550176973900434
0.8531032963586787
0.8552105799536682
0.8511495732571737
0.8513641697515377
0.8600947097295975
0.8557912100224782
0.847874250603044
0.8484432827317194
0.855119653097173
0.8540162962633137
0.8517264809097448
0.8431458583875178
0.843017162022974
0.8566503779789345
0.8577398253762955
0.8510403599398001
0.8523067520459207
0.8493170507422355
0.855941097424829
0.8498090308006155
0.855837327323118
0.8594549470013494
0.8454320975282734
0.8513428116160625
0.846686351960234
0.8549969935870098
0.8553379090996694
0.847532871430796
0.8466707735791466
0.8477444917182637
0.841599050683779
0.8541763337666763
0.8533608441087082
0.857608481137587
0.8601392744394791
0.8569788616904126
0.85301877780169
0.8461718130248946
0.843037292983389
0.8523747108766412
0.8530909088130475
0.8527212464344394
0.86294026539158
0.8481028994824746
0.8551111790160645
0.8522238692004238
0.8574801733630248
0.8544151820854575
0.8423817655173923
0.8573988529464363
0.8570774773263334
0.8604280526005524
0.8492433851427975
0.8618105227312235
0.8567343182647114
0.8566482818465826
0.8436483708157609
0.8573447260590241
0.8610447661177869
0.8594555281547386
0.8575601859015416
0.8561096403115023
0.8467527248935753
0.8550614412883287
0.8558562350256744
0.848998327326657
0.8546617209264176
0.8533080100768173
0.8602375777092252
0.853176994164386
0.8524154762637138
0.8587572841388693
0.8590503897752392
0.8473439822106501
0.8565825671702404
0.8506210740187611
0.8599308881273852
0.8626348770998427
0.8604629063592337
0.8538435367831798
0.8587192311690383
0.844741639103661
0.8479748603627896
0.8568164599872108
0.859160411073434
0.8580138057260708
0.8514537867530004
0.858498888675064
0.8547087370745525
0.8508608738182135
0.8531065149167828
0.8482442818548093
0.8541666270634096
0.8533304932463067
0.8592232663114135
0.8507840963499652
0.8480309956420023
0.8581241257340267
0.8625150714214916
0.8572394289223448
0.8625657510208998
0.8513823948828739
0.8602273812979263
0.8521373482944561
0.8601138024407021
0.8506703555777761
0.8530645823921307
0.8574821421528783
0.8557825918219426
0.8517029080310309
0.8534767741145951
0.8513687191418612
0.8613621627666199
0.8471235818339141
0.8591914656494181
0.8571489464864052
0.8632551257072264
0.8557196416912698
0.8456445876142762
0.8538336070106874
0.8577390623420323
0.8526898996282363
0.8487607596392078
0.8558297287437776
0.8552106886531246
0.8522096846379368
0.8525371712741979
0.8659335755426257
0.8706617645763209
0.8601712444775559
0.8631882740143791
0.8528530471596513
0.8564161649729797
0.8493954842657897
0.8619723624080253
0.852901858652377
0.8549855334413784
0.856423777477046
0.857903183057196
0.8486171706462557
0.8649232308462014
0.8548448675808817
0.8583875860175121
0.8629074177334043
0.8587550953307801
0.862740111655962
0.852466561938037
0.8585955932613948
0.8618212224520212
0.8468432320469701
0.8565475980238985
0.859957412243985
0.8592355339783313
0.8448171652199203
0.8644945635026248
0.8470146604847897
0.8514473836619306
0.8617629519857233
0.8588307524707923
0.8651753136716114
0.8633154365056465
0.8690513653912605
0.8573336213637397
0.8502470565737753
0.8493037938985321
0.8474440197415469
0.8605043648013766
0.8428229987071013
0.8549916449663121
0.849441089109546
0.8655253470094083
0.8549133841623562
0.8579342144054211
0.8616857005966597
0.8538324092506986
0.8538357951503394
0.850688339856195
0.8544119478512798
0.8488081676392927
0.8502154171607177
0.855881179601084
0.8516753319806374
0.85631292292897
0.8466358828336901
0.8500646847049576
0.8501345409402211
0.8609111743880644
0.850822246768095
0.8547859739819685
0.8756161994370767
0.8847354717419124
0.8695759596297237
0.847160006369591
0.8565259437940157
0.8518427523479237
0.8692481837669113
0.854578542512026
0.8592339019194619
0.8563568773536525
0.8604659550695533
0.8513359021752074
0.8537967001776146
0.8573605163067971
0.8540712213306346
0.8531253310634023
0.8596676112869597
0.8574942663022224
0.8560789118074494
0.8559394865692889
0.8501103977611233
0.8715092303298136
0.8528537236537703
0.8638080425501367
0.8506289697979307
0.8624165961341528
0.8631703895262111
0.8596250645155645
0.8613186063167539
0.8559034327034262
0.8604073115199566
0.8597354735892475
0.8571458324041842
0.8614495692679466
0.857910029609945
0.8522036825669456
0.853344392917711
0.8598316027159185
0.8530193237906213
0.8645398654899676
0.8555817242890973
0.8583546772540824
0.8605512374406153
0.8623414222297249
0.8570438845121876
0.8589877637699087
0.8586051102655264
0.8551316470170496
0.8530299273088086
0.8502444171752607
0.8683920552150367
0.8595654469371747
0.8534430809334927
0.855852786438693
0.8622046242262732
0.8550458268717906
0.8470038135477512
0.8488620466163412
0.8455545271282066
0.856171346250596
0.8540189904605843
0.8457237780978678
0.858532631693924
0.8535484098784919
0.853329504499658
0.8465368965973188
0.8556236574215251
0.8623035208947566
0.8596106221728365
0.8541005937326427
0.8495098492508981
0.8564393190475382
0.8569199897085578
0.860030589225239
0.8543084477372925
0.8523670969241172
0.8524126643657773
0.8527826096854783
0.8532875657765029
0.848961108054499
0.8561685875974733
0.8502934707217998
0.8491999153849946
0.8623437310171614
0.8505706672422823
0.8599595635604778
0.8481999614020886
0.8589593677774318
0.8558057828523841
0.8583179638663182
0.8535661033623064
0.8561832240693866
0.8627127924886016
0.8548097698970206
0.8557874339439555
0.8519629473710775
0.8599905787444566
0.8492477625355169
0.853506045248717
0.8530481046770982
0.86705550304665
0.859705246537683
0.8585193336790142
0.851589626543286
0.8506444297724371
0.8645092889278896
0.8516324833234907
0.8536830553729676
0.8578012430676175
0.8582060101360921
0.856217917828821
0.8562329337226803
0.84969670551667
0.852970195133271
0.8477605870082785
0.8546019864157838
0.8599454458096263
0.8520982178460467
0.8498936571807757
0.853025727288142
0.8522798362402465
0.8411340529235307
0.8548338661689194
0.8555018010004654
0.8440700998327655
0.8537152163001217
0.8597708945942999
0.8842182376717
0.8686541743236558
0.8520491463926366
0.8478944891216025
0.8525934232597936
0.8450319219335337
0.8534965043303445
0.8462468220148754
0.855690940501519
0.8453833698735264
0.8531806956211246
0.8575713639870307
0.860837472456181
0.8589196781174285
0.8547896460735355
0.8649455868281632
0.845889222594391
0.851889382978097
0.8552856114748094
0.8544223746047376
0.84760089246695
0.8571747135050598
0.8428135662887687
0.8595012147166132
0.8538838653370878
0.8492525897465052
0.8519451669416668
0.8604377949441301
0.8530005252957404
0.8621496289033066
0.8565378015578942
0.8545202723128508
0.8596200070666695
0.8607971037928595
0.8595844525892067
0.853527039510735
0.8565955315176533
0.8589692779294205
0.8564056071480193
0.8534017754280996
0.8620779735236305
0.861408604705544
0.8520474106242092
0.8502999742511751
0.8637196785593765
0.8594874590805288
0.8530690825581296
0.8580533912288236
0.8568357633005542
0.8547620397546807
0.86628982465373
0.848635076836178
0.8725957694491006
0.873255854881384
0.8586537845868111
0.8518105486016103
0.854693702528751
0.856258283474309
0.85431988232215
0.8565274350999083
0.8483946887861157
0.8588659042927445
0.8571466851752406
0.8543094942551575
0.8569085278882734
0.8575355300339774
0.8551363335243514
0.8577721392474522
0.8518616551610059
0.8575323453048134
0.8619777769225107
0.8579634786149317
0.8505276009249405
0.8610240986944975
0.8527250371550936
0.8537724155785693
0.8535581211968711
0.8464706277286779
0.8539798438886161
0.8651632729750317
0.8546051077640983
0.8584416904371093
0.855194382303082
0.8487076728966101
0.8525019092093001
0.8485700249902725
0.8532345315287225
0.8543938422532317
0.8538108921188917
0.8544353659280036
0.856284882274051
0.8555789659936162
0.8538576730379122
0.8521964559948368
0.8528673681602746
0.8648740941792706
0.8577855786943535
0.8490587709191567
0.8508483029589355
0.8547132115296776
0.8504446699755033
0.8499954520117066
0.8522151839397394
0.8523600855076623
0.8632047291590825
0.8560212523306389
0.8541607788565541
0.8540977408194418
0.8577327353696713
0.8555143730921007
0.8582295487869017
0.8535357730657399
0.8538947558611589
0.8492697729155152
0.862298822384105
0.8522759675423532
0.8561115756715436
0.856106175666359
0.8524783269102021
0.8547528230430409
0.8557690004426605
0.8557274591117219
0.8478500940312383
0.8584825554784288
0.8618558252151138
0.8576477106762058
0.8693290978059937
0.8603839813218563
0.859037544370857
0.8576708463820855
0.8603095648257593
0.8528448001807253
0.856771024802273
0.8674214902329723
0.8530884412279492
0.8605723598744102
0.8524199544711428
0.8534034067815113
0.8479058815513237
0.8454913071843579
0.856728943593763
0.8564600451609455
0.8550332316034344
0.8577790796820273
0.8437697337163729
0.8523434934665924
0.8539586219584777
0.8525696411466784
0.8568427619982367
0.859636826128239
0.8551108827016967
0.849953594486049
0.8510932134395741
0.8545875357117737
0.8553150420555607
0.8458934870474702
0.8517330073073281
0.854089084425522
0.8536187875148262
0.8506616554380563
0.86015367409955
0.8465257965362456
0.8532505535439306
0.852843419304986
0.8566481139040587
0.8560884497270108
0.8515442539669682
0.8511241210120645
0.8519648985316289
0.8552611208661752
0.8537008181512291
0.8547028791979334
0.8565387379067172
0.8544535161136415
0.8535241237524496
0.8420245936863904
0.8690012857151276
0.8583178274556221
0.8552339387434466
0.8557450730187449
0.8482041128337612
0.8549084658529003
0.849850494595173
0.8508468466862208
0.8533956258648383
0.8516644485324877
0.8654533200697909
0.848549276454079
0.8541984211263579
0.857502841378158
0.8602768126441799
0.8554426022591651
0.8592931429139691
0.8560380260566445
0.8630272190146727
0.8502162947739512
0.8540107343982467
0.8520535048450184
0.8622886112501369
0.8628680555196253
0.8603657304694408
0.8558061474686302
0.8547427764868643
0.8541584950324868
0.8562751673442034
0.8500840633814798
0.8510075764704322
0.8582812943440422
0.8529562114761112
0.8454024059698473
0.8535947402869044
0.8541657527622101
0.8461089982465847
0.8626624904078798
0.847433619534359
0.8579323223801564
0.8619504372259748
0.8621317058773607
0.8505725657412206
0.8557079807543758
0.868317172390737
0.848889376985731
0.8555560175366239
0.8554143479509203
0.8577066888117969
0.8595329755202649
0.8622696172959012
0.8488687364563086
0.8625748920544996
0.8655571853877183
0.8551056266453002
0.8536600328374455
0.8609225931002129
0.851600303344497
0.8629899803243707
0.8582189570272549
0.8587085002579012
0.8557023888065926
0.8590063065774842
0.8520486959055535
0.8564668236377702
0.8609800086972906
0.8536129843258613
0.8548577127000765
0.8557732997504927
0.847913030555287
0.8609608632562286
0.8527609092330333
0.8517129605285056
0.8537261015068405
0.8683355564861372
0.845575811795203
0.850979174198024
0.8647950332335198
0.8510671749710089
0.8598604927875712
0.8488572506730843
0.8557602683835893
0.8559299177019619
0.8588224730603555
0.8490275588351985
0.8601335903470438
0.8581704555885422
0.8498104886563604
0.8612634844994037
0.8565871699286485
0.8602478460216427
0.8468563525347217
0.8620582468596419
0.8519187256687197
0.863993783347415
0.8536113720178653
0.8557884051587229
0.855505288115691
0.8496634424687465
0.8539137153601276
0.8513125080066649
0.8542311354995415
0.8548222961342776
0.8585630205052469
0.8516218044451757
0.8511923004148222
0.8557994431018989
0.857497351152471
0.8663533620974169
0.8705652188847414
0.8760396369523027
0.844764855460355
0.8455436671789189
0.860037413174824
0.8526622671592853
0.8534762682424424
0.8361742084502364
0.8500660869999364
0.8570940069493377
0.8537216230390866
0.8552820231845437
0.8552488218339769
0.8447322615571717
0.8491660810187285
0.855809893684355
0.8589896197837364
0.851840382441109
0.8506039511831125
0.8538379006377981
0.8547782634621333
0.8489369322961554
0.8554545758444198
0.8542362543534276
0.8538138431812365
0.856615168323162
0.8599327117778602
0.8535761906941095
0.8548444082165423
0.8565452605369474
0.8578516846255888
0.8470433024516023
0.8499152448432027
0.8518307127322988
0.858107076602619
0.8453927975356675
0.8513379757037012
0.8472820054786269
0.8487231401232859
0.8559012363134977
0.8443615153133341
0.8535908115506997
0.8454056136158188
0.8443024039680108
0.853105444316525
0.8471150335291024
0.8439441082478759
0.8515732728769029
0.8588659233602737
0.8588896790908628
0.8564733686078417
0.8512479196681197
0.858683815665179
0.8605086830576568
0.8540498666172012
0.8506575792840638
0.8605770339417221
0.8500111137126364
0.8496362861073744
0.8485308299098059
0.8456649450231674
0.8554436618249891
0.8578135599597835
0.8558170082489943
0.8469458116026443
0.8586730310427415
0.852197623835966
0.8548045649360344
0.856747315194984
0.8592124315374681
0.8589741866009296
0.8520236080104694
0.848306523527649
0.8460896258170333
0.8595853533481858
0.839322924460293
0.8499939916324094
0.8528498168946463
0.8575385207278556
0.8600191513682415
0.8489132810256562
0.850404092372092
0.8514149031191249
0.8518655555203914
0.860435322525282
0.8477980179090203
0.8556677890243295
0.8518859299192367
0.8571577932410418
0.8553955444372822
0.8539406163117491
0.8519745788620219
0.8555038508644802
0.8489503757775524
0.857514488017307
0.8626669704127217
0.849508637388772
0.8522690942047075
0.8505566724621596
0.8493642812504933
0.8449354239846253
0.855300758094787
0.863209646254742
0.8539274951824374
0.8532197327916333
0.8481002305660619
0.8571156977288202
0.8499705954473572
0.8550471413694041
0.8498323241155858
0.854113890274471
0.8559362145215833
0.8568350620834052
0.8485505248005206
0.8514210592419934
0.8578493291131426
0.8422305486680588
0.8572291114761814
0.8502222152893147
0.8477011586686014
0.8505158165752678
0.8486689950217494
0.844996797386439
0.8488470390939866
0.835489079290428
0.8405615463429346
0.8424597175223519
0.8550373250613632
0.8499300625224379
0.8454888392685396
0.8548387978905826
0.851038688945275
0.8525135104386545
0.8455439855294411
0.8423878633890919
0.8393212040640176
0.8419146588848837
0.8577090950674244
0.8409434654101338
0.8533197474781021
0.8631079287222807
0.8561842967714608
0.8420691705449151
0.844074162662149
0.8514708941248706
0.850710604862146
0.8346277354398672
0.8493590074218852
0.8457855625183527
0.8509348106398562
0.8555699494826683
0.8555045038145361
0.8505188283495233
0.8419180908381607
0.8551112728561419
0.8602609720325127
0.8561858098783794
0.8424071243814651
0.842753202387512
0.8450846715176472
0.8656950218669088
0.8479976179520151
0.8536397401108582
0.8471568723980785
0.8635445730950115
0.8536267698665919
0.8487329224622724
0.847696258456283
0.8450198386989661
0.8550307003075504
0.8415454013201954
0.8450723886319385
0.8432028318829107
0.8434932422854039
0.8429161338051308
0.8431850308103871
0.8456923132170788
0.85353982653115
0.8457682100710547
0.8542271984310361
0.8586644528735672
0.8536919901223742
0.866245691598915
0.8425084445929344
0.8366021178941554
0.8594674887705369
0.8542097157584222
0.8488506330781833
0.8573616693729544
0.856374437320382
0.8445812235046916
0.8426406575718631
0.8494954366083993
0.8493581063912886
0.838189229558319
0.8502615954228342
0.8431970951538448
0.8507106982621847
0.863615197375002
0.87698035325038
0.8715193781794569
0.8540629420650752
0.839242582837766
0.8540029061768062
0.8515490354625888
0.8447889224094411
0.8439523001700729
0.8512936725086109
0.8476870949036541
0.8536447984143797
0.8423442999276631
0.8609780458020465
0.8407617743577405
0.8574104860362761
0.859247609153728
0.8479313910299885
0.8440313585383471
0.842182415033788
0.8422495946632467
0.8478093876824097
0.8604247804992219
0.8448732875450256
0.8338224098136606
0.8482494030926222
0.8502919772860428
0.851791650228212
0.8545608945474242
0.8445350858956906
0.8336608099192918
0.8596864017592262
0.8392140072029217
0.8510399785076724
0.8404134000128395
0.8616933168385648
0.840920760480457
0.8488528258563953
0.8456960004508767
0.8457116199165731
0.8431366699650041
0.8463585483909164
0.84663399618969
0.8352594007239892
0.841144702576912
0.8514929606324528
0.8405722014478428
0.8398102522486346
0.8476780035168919
0.840198217506453
0.8406494116705987
0.850748805659037
0.8544106885067342
0.8398697590065116
0.8517088123629045
0.8374520019368225
0.839934488375866
0.847414516129831
0.8412494926675559
0.8492889017838947
0.846766548896206
0.8476869128732657
0.859703092255347
0.8270849998913163
0.8454724578438092
0.8499050900031395
0.8525411652198319
0.8419249420447878
0.8448644388580824
0.8557440606441451
0.8475191764884938
0.8496003251677021
0.8488091014338316
0.8393283909454993
0.8451561735945542
0.8469790972314581
0.8426278008017395
0.8460771488425117
0.8490321198171131
0.8403758572248572
0.853968856758744
0.8386246147493909
0.844815457091273
0.8403882310191738
0.8465980859319049
0.846873735779465
0.8491335739356557
0.8495784306400658
0.8298736961500804
0.8495810668867282
0.8451441709062997
0.8479121189114596
0.8482312804159582
0.8421630664329828
0.8437347426587409
0.8393932649413464
0.8503803205009217
0.8552478501626262
0.8417576635133543
0.8463565797799354
0.83351732743301
0.8399931235740381
0.8534113827061375
0.8407859708880717
0.8442368641732378
0.8480289821104254
0.8400781858690854
0.8534798877665942
0.8365448507474067
0.848696402803892
0.8417010733866306
0.8352558266843129
0.8370980300445794
0.8487993862262146
0.844865555677668
0.8482789440541315
0.8383827855049113
0.8490820068938894
0.8558951786390457
0.8567649755963467
0.8481016176974848
0.8388446938866592
0.8421928050364613
0.8491316642236236
0.8442692421651421
0.8452079679648246
0.8431759064776766
0.8531429531969043
0.8361285477341386
0.8415536076994613
0.8566545949332867
0.8510475747473313
0.8520939498897129
0.8411818106929594
0.854391963555905
0.8438758340415052
0.8398979148120489
0.8467658762854119
0.8423424489539691
0.8548382350990167
0.8424103526977281
0.8515741676835599
0.8442038346383838
0.8531343424618438
0.840832474356137
0.841743603956928
0.847755336303225
0.8593899727334741
0.8417765831278671
0.851174193700346
0.8481695027544303
0.8597157338807049
0.8381885135030588
0.8540796933269655
0.8470307996121876
0.8493342544013261
0.8532883025256772
0.8446086731777427
0.8516168296412708
0.852338863801559
0.8455570086798794
0.8447027828350532
0.8545497866041903
0.8467990126782063
0.8467325334179534
0.8585881469731818
0.8529946411041767
0.860281752713943
0.8533784019716603
0.862075663424051
0.8567984243660314
0.8469993363550525
0.8410484742394312
0.8435148035733722
0.8383775402393732
0.8411516210374198
0.8472806963914358
0.8442927601462724
0.8443397953405324
0.8481713940967661
0.8547049490732429
0.8384859453459408
0.8607741215106106
0.855505946923454
0.8415930270863115
0.8577314182907061
0.8554467666829688
0.8558777671280088
0.8435664098062848
0.8570509556738691
0.8485941095090647
0.8580817130513024
0.8546927998469663
0.8566175229406511
0.85428566248971
0.8450151251716129
0.8528431927358763
0.8626327028052111
0.8457163293539233
0.8478887902625766
0.8420169850137441
0.840096956495936
0.8531386801037398
0.8491348275292917
0.8584145138131767
0.863472815165636
0.8523324116631125
0.8571407866246831
0.8644919440324399
0.8713844916339877
0.8577175638243532
0.8586341344055272
0.8431553321735124
0.856476097489783
0.8494927689600545
0.8553921246450803
0.8453108358218999
0.8561379928307526
0.86206535518629
0.8531343662306478
0.8544276223393471
0.8596973346582852
0.8454514182216566
0.8568541419473239
0.8587741371933365
0.8497192190872456
0.8426558153629129
0.8529255740720717
0.8641587435772508
0.8525134676008895
0.8446304079321209
0.8568261772507965
0.8475902415023758
0.8476975623848666
0.8613762625704519
0.8672615318108574
0.8503689639023507
0.8794353790276828
0.8544425438592013
0.8678198823676365
0.8688977955208723
0.8505279050122366
0.8553164756595559
0.852870444624807
0.8569650825677672
0.859259281467025
0.8563977121852367
0.8575410067517844
0.8600170637721977
0.8578166100872464
0.8616170675004383
0.8529417702968414
0.8698600696769955
0.8642100673888319
0.8515421839123425
0.861002456141233
0.86752002779767
0.8574481295494456
0.8572275264860596
0.8670567161951087
0.8500173786253411
0.8735942149143658
0.8663542395483923
0.8584575516038322
0.8526713831981714
0.8650039075089501
0.8521990897841275
0.8769005410765095
0.8557254511902098
0.8564293802328029
0.8529063066485268
0.858537011790395
0.8543653592576226
0.8585965995749305
0.8659072647564614
0.8570395339339987
0.863547026997473
0.8528513836066228
0.8453878043643411
0.8533846978462775
0.8601466853760295
0.8529954295761651
0.8512661401293504
0.8658026970017297
0.8570416213073486
0.8718262341089219
0.8528709627801483
0.8478935764709743
0.8614599105592615
0.8623767930703141
0.8471890140707143
0.8500866587254494
0.8509048011792448
0.8621684996112471
0.8476960733751762
0.8440370720290651
0.8607747493206971
0.8665346635975072
0.8601975888161877
0.8652615134184444
0.8502642535315748
0.8542631092754399
0.8711980825964476
0.8608861737211451
0.8686796280808561
0.8607291587262085
0.8570002652161575
0.8542569772590799
0.8557024337620721
0.8525432566682826
0.8697663482714029
0.8742544916010834
0.8539154761085951
0.8504547226390097
0.868368294230892
0.8583785680922623
0.8736351662945935
0.8623121214545982
0.8653354016947155
0.8770922148561282
0.8614602646792675
0.8573724826228607
0.8724444845959496
0.8695449382091263
0.8620336491162789
0.8684651586067555
0.8781379142249863
0.874437326300196
0.8742676768041425
0.8681132252664713
0.869408787353505
0.8757869244897
0.8625735886293087
0.8815357615909336
0.8753503121016832
0.8737325002619626
0.8589087833889962
0.8619018999150704
0.8770639008975992
0.8696583532807598
0.8738841619067886
0.8585758610927431
0.8661168266788588
0.8811435315240104
0.8746403927046645
0.8819637489067973
0.8570475282108376
0.8761597069382921
0.860864891591384
0.8688097618343334
0.8713247387951193
0.8706799355371111
0.8768181752203542
0.8750960194315647
0.8800738761025312
0.8787148799962247
0.8651397290867401
0.8652251302725635
0.8927923117362033
0.8833772155286101
0.8796993252971094
0.8737958197557474
0.8882041949591004
0.8621475363541916
0.8834317168916744
0.8850315920434477
0.8662555274800746
0.8634899234513673
0.8954197651626336
0.8753227956192567
0.8807689838680045
0.8635730098855035
0.8759822861729388
0.8725540584610358
0.8689459223432543
0.8820702444074113
0.8708452931095557
0.873072405265501
0.88288959421895
0.8790538653482067
0.8716993290862809
0.8829080199772666
0.8834115018674814
0.8723582809144765
0.8960954819498961
0.8812138673254993
0.8841004503478045
0.9003440090622717
0.8766263413669457
0.8852953176146697
0.880531434378085
0.9061673844859442
0.8767417203303507
0.8725089003315862
0.8805586256150179
0.8842015784596102
0.8535456516752009
0.8785644190597838
0.8740085755464949
0.8682922243996031
0.8948734537267907
0.8839700362087451
0.8730272101729645
0.8864883658280706
0.8834700897073996
0.8861876512996405
0.8981260262791341
0.8934542351874276
0.8928913844286315
0.8839422167896627
0.8877637567801467
0.886346732676661
0.8750810093516547
0.8820807923273352
0.8884413771684333
0.8756482197790891
0.8952677387162097
0.8859459973355663
0.8737945201732972
0.8931003737066285
0.8877965208157581
0.8767047267559113
0.8833124168537104
0.8899219885204322
0.903077309619479
0.8851913497052415
0.902720228127421
0.8755113420216595
0.9043693762351814
0.8904590095728947
0.8860829843012565
0.8897780320406609
0.8891755311716253
0.8712388554908357
0.882031637672302
0.8988125411647138
0.9126881560994595
0.914374654208206
0.8865162875345585
0.8825879104171791
0.8898590449102302
0.9001845929890048
0.8746160717299595
0.9038261801744534
0.8792356753775631
0.8963775450920115
0.8974059857879613
0.8962980303655521
0.8951434712911464
0.8781488598123633
0.8888362447426615
0.8781119724966635
0.9002248297965938
0.9006411040108058
0.9182944478889965
0.9023516120146329
0.8950137882829026
0.907898472183039
0.8582222686289483
0.8914164337025787
0.9111306288214219
0.8994662078159283
0.8672722447145965
0.8993483136034519
0.8855543156089611
0.9034928646673501
0.9003087068309302
0.8818831352269756
0.8952193530666677
0.9135507026056002
0.898344047852869
0.9059464787562057
0.897469380379833
0.8930731800100696
0.9047597042638199
0.8880933940700628
0.9022751350553749
0.9133248349693789
0.8958913231478577
0.9033943959886289
0.8930577412099074
0.9105375283080615
0.8892155493766579
0.9235738723934835
0.8885781920051644
0.9097651340341514
0.8777604831245343
0.9110584631517317
0.9220721731743419
0.8900879016939341
0.9117757896544868
0.901365481077828
0.9101793933556614
0.8982303939231874
0.8952604337851348
0.8978506294766034
0.9241609925826721
0.8942893406636718
0.9149391320892143
0.8872353753988041
0.9235058195592032
0.9090662985355192
0.8898165330274315
0.881928518746336
0.8888543958976078
0.8873268220016447
0.894716199068107
0.9025795316538361
0.8976725965891168
0.9129909652634095
0.9231131872494612
0.9155968709374872
0.9034344263133722
0.905584356415398
0.9040832334577267
0.9018328217243132
0.881700851590003
0.8966336968080246
0.9069977364417543
0.8978268379890303
0.9006282240364519
0.9116343343447807
0.8885512980106162
0.9281409191098171
0.9083191123396773
0.9346996166538862
0.8829331807633146
0.9220033085435126
0.9198628268041712
0.9189969225554296
0.8908532937148937
0.8854614919304938
0.9037319598514146
0.9242557240392579
0.9123567458629338
0.913511309845333
0.9115745329764589
0.9169911515717081
0.9095682375687507
0.9122609505066255
0.9008039563355874
0.9202059123556162
0.905281680683447
0.888865463628082
0.8995276835803266
0.9346058015358492
0.8873947269875608
0.888815959930048
0.8920088748855235
0.9219402380501158
0.9294498768557935
0.9105785012713136
0.900926276250419
0.9105078868964074
0.8985994573322694
0.9138335038894474
0.90103362321305
0.9443846111868284
0.919075745321908
0.9197268570871345
0.9263783379501893
0.8915405048082478
0.9315165633154959
0.8972100552144191
0.9088221990617292
0.9277952330049573
0.9061084833275755
0.9085802884713219
0.9024930186833436
0.9402443181150758
0.9424052935764777
0.9096933358474074
0.9106364059302712
0.9308929990668853
0.9064240938872483
0.9524263253341726
0.8898876292424445
0.8750810532719064
0.9284640968351852
0.9330598940683043
0.9257875819047215
0.9131694795587765
0.9323253780857167
0.9139781533222688
0.9055390159835128
0.9087518068687259
0.8895058032430041
0.9046551662337854
0.86695756200167
0.9392695864384668
0.9249512618426938
0.9228284963050764
0.9193577664984282
0.9059316505793257
0.9159721339764278
0.8883835987687922
0.9074113606251567
0.9355826323367847
0.9186570430137416
0.9141448874000431
0.8769604262275115
0.8901135686227926
0.8946694788487242
0.89443723407175
0.9399376944454695
0.9275863047103584
0.9062165774571027
0.9299144594663169
0.9067953421061719
0.9101448395197083
0.9112160032769434
0.938554835494462
0.9355910041651573
0.9549541760706023
0.9072230182238705
0.9153330111964665
0.9026244219684793
0.9315788194313632
0.8950547309065772
0.8958723074684052
0.8752472165080045
0.9199175433898489
0.9533844317121183
0.9136482844169977
0.9170348350342927
0.9584978148631625
0.929727162334342
0.9180700744207554
0.8694939349638496
0.8820958753025915
0.939157784038896
0.9079520637154374
0.8972318368060568
0.8867049546438613
0.9294822646759316
0.9584414808316187
0.9148815120711572
0.9445643197495254
0.9139641468040915
0.9494746175631775
0.9121986349509903
0.9474161638966584
0.9274564628150699
0.88916929728548
0.9388895663149011
0.9102163736919529
0.9780436221274373
0.919050168216038
0.8734317600755773
0.9460973951195377
0.9031557969353806
0.9087099793671978
0.8647437369580067
0.9948025700855742
0.8855729564344276
0.9117899897333498
0.8863908667454916
0.916462720308481
0.9034445037148439
0.9155920196920638
0.9181007962238933
0.8383048740617968
0.8541798652975567
0.9109756400013506
0.8559566013748527
0.9405598788508763
0.8779202371734718
0.8432193298685474
0.9322395987181842
0.9113244269810258
0.90641793092806
0.9531827043724864
0.8756021654425574
0.9046301839766732
0.9528480437544916
0.8763188633135044
0.9631405001441351
0.8512999571850018
0.9234896139726173
0.9256831869663715
0.9787156588796533
0.8900259141334775
0.9194066336567704
0.9939710690673073
0.8466418824262679
0.9491386176904244
0.9445853193734971
0.8182999172075527
0.9974033372012606
0.944361260805399
0.9157586717937872
0.9367843680193376
0.985634940975695
0.8447895061869336
0.8871155039435208
0.904369547887577
0.8589721623055672
0.9050075550504569
0.9513906354350129
0.9403700170345848
0.9193585311729369
0.8492251832033455
0.85225916450309
0.8736743822522299
0.8829489662313814
0.8804324650518112
0.8197527801689375
0.940565397542321
0.8821695378870972
0.9486015085167592
0.8962958658091088
0.9376211063230872
0.7898302949631757
0.88361921332073
1.0395414360726563
0.8487604605849056
0.932089716942819
0.9463005126902673
0.8969108748499967
0.8599786928779154
0.9042717419685327
0.825275790380579
0.9497373406822717
0.767969648170911
1.025372119842118
0.6796784630307056
0.8641899671587323
0.9746980264180808
0.8455386535477488
0.9104260961036984
0.9022616534375887
0.8314511809227915
0.8913593817945784
0.889622790189907
0.9525968870525082
0.9469889869875653
0.7562426663783443
0.9272445504710577
0.8487930555588783
0.8619379161751484
0.8102778374922066
0.955553587918275
0.9058055495455004
0.8722484830341104
0.858165048198043
0.8726011502529927
0.7627625419418858
0.9032079221841249
0.8390300718208918
0.8529724925998668
0.8213834719086636
0.8890861176494722
0.7807364364526159
0.7816263817105901
0.9197931891088655
0.8551568615082131
0.8335596410989022
0.8883121510803593
0.8643237161802312
0.767149153326806
1.172687679611655
0.7518792121675291
0.8387056210361331
0.8215759092935244
0.8075421853862056
0.9436314505388604
0.9170065547965968
0.7600530265611126
0.8815453971774782
0.9933260843336684
0.8915143075140729
0.7285364326095648
0.769374116296319
0.8163612098305811
0.7355923131716012
0.864784566431193
0.8479422082333313
0.7495172143059494
0.7566516294642264
0.7543734020547002
0.9081993916620186
0.6776435363278879
0.8596551814697857
0.7288623173180181
0.7585995308401898
0.7001010452570269
0.9189784166394748
0.7773865102288231
0.7154323443157634
0.7758883330371384
0.7205351523975947
0.8765651943565616
0.9744458928748853
0.7353136859341854
0.7478380274202798
0.86462566419468
0.665899663458767
0.7309413536627682
0.9870350220227333
0.7107550491692803
0.8615469818762145
0.8107386175583394
0.6356615201583315
0.7528361060719194
1.07726477057056
0.5857582395092915
0.5622559117666319
0.7146806527697088
0.640853474444392
0.43491484097651867
0.6217534699665985
0.6239419435727924
0.575830469398097
0.5930680672544298
1.8103896508456245
0.6368221002294444
0.7553437985369125
1.0280590116494408
0.7270297517402459
0.8504221219052795
0.9182314130091159
0.4684431547015664
0.6541515290063504
0.719493397302214
0.8125878353181265
0.6451414484479256
1.3915766088259471
0.6230851269255193
0.7608052902297711
0.3721421201311158
0.8973901754986829
0.6385656546854018
0.40524366678186646
0.513735362956915
0.5322891650331713
0.33750493436860074
0.44960018385866685
0.558246333958468
0.524427027648758
0.7019440974979279
0.40892739425779556
0.33210537189104966
0.38423176866703734
0.6585598071780251
0.4206147311585314
0.5286893784695665
0.5468345438145996
1.17102654023008
0.7059764290210739
0.7571557850337717
0.6359713788009809
0.7305276946181493
0.7140576601544801
0.7668702361567176
0.285339495550527
0.49498342741742324
1.3465249326126134
0.2491983662786353
0.27831800338524754
0.6040496331219364
0.28722711491391634
0.48697522213141986
0.40967151916932193
0.5397415975538671
0.25532433304495
1.539229774194675
0.2758901804599136
0.22448084594098272
0.3598274230830518
0.7470258263637624
1.1581470245929928
1.0667601534851432
0.46865521950208305
0.5002610557906612
0.4095632219658861
1.5998830610283992
0.23438723064704017
0.25777206586377566
0.23345334821228922
1.0547868067886463
0.1854207304474823
1.0108353568334452
0.0740641551069755
0.9385777286895269
1.5168333865384929
0.5450194182787563
0.3204172387184534
0.03677125327218964
0.7261627467275908
0.7335411744345985
0.7207497814462736
