-2.2588765000403743
-2.420505897273271
-2.164588731606473
-2.2901112932168415
-2.525045573581553
-3.8406573514376716
-2.5767994860926757
-1.0791813067501144
-0.7445599069785567
-0.5682534025070902
-0.44715804263579795
-0.3453590833564131
-0.24906817981677154
-0.2181746115246325
-0.19264911770650395
-0.11832094666482763
-0.0037355759815620336
0.051323974315557526
0.1129374514450558
0.11354067193957322
0.20451083413994622
0.3246930925399066
0.20579097475160146
0.21198396213905535
0.2938308902480999
0.23297793403159206
0.37547591129172614
0.2946250871426289
0.4470887788611023
0.32967832560768007
0.3830725634875802
0.505703575799666
0.3404233870836382
0.4677549571956629
0.34615301263511716
0.47439155151153706
0.38229890678777
0.3733709665353036
0.35186526318033184
0.37525728644111456
0.38308707020939753
0.42175286904717435
0.4301975326689704
0.47806312368927406
0.5139506906348984
0.391488980374875
0.3724783557024524
0.5739393406466186
0.42292871862669185
0.41192894795778895
0.41029418711678783
0.45926902845662504
0.4041149854780238
0.4678182789297166
0.5037208443918243
0.43182766933794486
0.5176554208959654
0.45968717688062605
0.438247754775608
0.4356024478201273
0.42098498658530126
0.4066901334195897
0.3876268607863287
0.40139613710476124
0.4399740813794374
0.46505450992446284
0.3916910588795629
0.4678907567249972
0.48388962037094846
0.43386813933906365
0.6387516295955984
0.4896810693777383
0.5178902938192043
0.4939436859833291
0.5568644497323185
0.5112456987560452
0.44094862575513555
0.5628333686776241
0.4772751803106382
0.4489741587371517
0.46894355103029806
0.5339392249558245
0.5211849273081836
0.5952895591924983
0.6011613461208609
0.45024512870685185
0.4863762801917859
0.49747193546175605
0.5494713521333662
0.41914750577893184
0.5602584804478588
0.4910633098077959
0.5212648913589549
0.4574498085677172
0.5626905544687187
0.47805602778705647
0.5181082471602102
0.5027128053942997
0.46942721816695043
0.5241900601854127
0.4691490384406924
0.5611514852540422
0.5557945399988367
0.5433994505388099
0.6132526136179596
0.5654710595169018
0.6668289897943396
0.5839617690293342
0.5531884019448572
0.45214648008326375
0.4737395152076322
0.5497105337279157
0.7201698176399206
0.5272819206085543
0.5500750937406356
0.6188691519022103
0.56946470761081
0.6160331366359705
0.6055247437800246
0.5600508503441168
0.6283990408473052
0.5833567357063631
0.6419926498158914
0.6565670692781166
0.7402848872061148
0.5104064318172448
0.5929717444284371
0.5591730746975958
0.6542895005082628
0.6852737114506529
0.6536693043085341
0.5165538059505285
0.5454353026304405
0.6369107032760364
0.6054089312664864
0.5935540596349725
0.5896666396197727
0.6602774462873781
0.6538489541567883
0.6364605836961894
0.5802988777910706
0.6100440541487897
0.6750950915348328
0.64670817411248
0.6294870212979198
0.6378636743822377
0.6419343159369575
0.5626776894814742
0.543001713116214
0.6334253841818427
0.5636641510810195
0.7204953003748615
0.5990238082321669
0.7502312435105419
0.6404584059532489
0.6891799237700835
0.6532293693572748
0.7373998024772521
0.6314622596351558
0.6852359715618326
0.7566042264186528
0.7125214307631061
0.7177035520565753
0.6711854403229341
0.720010383837732
0.867160162596925
0.6986003658983784
0.8175367622606919
0.8052431971629803
0.6222228415061593
0.6825560607885487
0.719233662011081
0.6474696925596342
0.6735363433970408
0.7067544062533316
0.8206357626740499
0.7024880395252188
0.7765391010863255
0.7439969736767179
0.7392991767373507
0.7169543830523148
0.7039650621683162
0.73838861942152
0.6741664164390455
0.7450101685736732
0.7032555919665868
0.6652682112119213
0.6847477982716441
0.6753130320853462
0.7757200284446727
0.6272780524090044
0.7185700551613877
0.7781512519612939
0.7142675671892633
0.7989515654215099
0.7833331152531817
0.8138779757722094
0.6994971118037449
0.7876012649486708
0.719264563248813
0.7655082252088891
0.8659613259329203
0.7495474070598799
0.7680299379605027
0.7857002415103805
0.8734193148879728
0.7567015062320823
0.7730541740270153
0.8554295072004742
0.8777157722073013
0.7840457498642239
0.845556236367308
0.7913471194196574
0.7183580625150723
0.7423538778988773
0.7841252686884049
0.8911644120772941
0.8036259766474582
0.816818158548352
0.864918871742345
0.7722086481893323
0.7472567716075493
0.9303013543944392
0.8056145024488682
0.8437323329596523
0.8313358744373073
0.9198114992967641
0.9795363875882247
0.7726537780886708
0.8034901377475521
0.8161336501375699
0.9287870232590615
0.8077308210701243
0.8303450695377851
0.8865139879437823
0.8602431471168046
0.8284352952689698
0.9064998672897089
0.8233171297927696
0.8331306415958594
0.8914122867443834
0.830696846493822
0.8894611640878123
0.8673926755300474
0.8092888454517289
0.9260146347304892
0.9329736629274367
0.945839251524538
0.9619025013206485
1.0007190154950567
0.8844193950288995
0.9163570272380993
0.9780798559725459
0.9144931191546634
0.9084275691320876
0.9122865428417116
0.8621298565075363
0.9287073950894321
1.0224130260890978
0.8858652614708419
0.9219078238654901
0.9642735532518554
0.9426675747798574
0.9279058183818122
0.9161231578462746
0.9635528718446504
0.9117877119363248
0.9580385129289993
0.8924586140982571
1.0506862964808348
0.9258503086647699
1.0148642080320445
0.9151555794599712
0.9315034905503896
0.913029919775291
0.9749210851990772
1.0298118084227703
0.9252806458349405
0.9819930980393066
0.9251729495473459
0.9221045722294301
0.9088958218380538
1.0368123742144617
0.8853959733935105
0.9727146827466722
1.0403073855405105
0.994725362317002
0.8898705236537946
0.977503410949701
0.9130895335041211
0.8752529629202314
0.9465671624166507
1.0462366419979021
0.9191430870487974
0.9282487800892208
0.913231176635792
0.9620707853243204
0.9517236109082325
1.0214659062534532
1.010790817758486
1.000142601143269
1.0188318246369896
1.0004276651768145
1.0085859425202184
1.0025951442924517
1.0416941006237956
0.8730678294289653
0.9789397970901568
1.0071406970362473
0.9126426521285798
0.9102905799264824
0.9696462559622282
0.9959012410873219
0.9079740847939083
1.0069242386022834
1.1421802576418663
0.9076409802421979
0.9388122309308848
1.058476082738365
1.0608721035987028
0.9841892342595119
0.9852931987636024
0.9742653536969688
1.024919851672302
0.9629094463716386
1.0686670702892418
0.9931550338391559
0.9384163257410117
1.0620365344007954
0.9632587733719243
1.0299632240009187
1.0124209689982753
0.9939219687566561
1.0062996563676927
1.0087827654538954
1.028609464946956
1.0883278902043678
1.0644885500195067
0.9726987794842421
1.0272020526402328
1.0350081958134805
1.0814513844918474
0.9554073195722386
1.0918665324275536
1.0844230609345356
0.9811069621646907
1.0482608023840694
1.0885033000169897
1.0679383295541025
1.0287056136656554
1.1578844308125014
1.0472153929171701
1.0052005423079828
1.0464900968876705
1.2100227200801055
1.200535759061532
1.151508073798251
1.1363178370396005
1.1764637241962284
1.0950095386704515
1.15956235267277
1.150369778146975
1.1632891907849752
1.108173613130797
1.1313473727045686
1.3003952735878062
1.2267495688535097
1.103226406830182
1.0955664871982573
1.2764228553051244
1.2302724735814676
1.3451460897826137
1.1736308458995284
1.337725921607532
1.1300735559140425
1.1216598897832455
1.2399978457511214
1.1250071065905192
1.1699771241697476
1.2414875796669942
1.2869645111585335
1.1429037338025587
1.2164227829633731
1.354612501549467
1.2093229569395696
1.3531706985584315
1.208744205273239
1.1454840972164775
1.260962193702586
1.225462353503962
1.2354009974100155
1.148050992122487
1.2643373232974089
1.1254903981929756
1.1181346626706918
1.251240881562811
1.2352314072891248
1.130605472130739
1.2761255470473554
1.3573648860114493
1.2322844797321806
1.1626226506124013
1.206960728661223
1.179328298888898
1.1795975927009092
1.3389568673087755
1.2381889615883919
1.2402650336130272
1.2167508943284007
1.2532494983722402
1.2703653557122845
1.330546858888148
1.4031006861181146
1.1944679104364826
1.3606740991703599
1.213019262950836
1.3419293163148975
1.361308025375663
1.3739030692466156
1.344676246321161
1.270763020975552
1.2294407061792654
1.2632573222305437
1.3957171525340797
1.4283915990199756
1.3379834136723803
1.2810903375142255
1.3308408082688101
1.3790236048345434
1.3920240464559535
1.46829353592049
1.446914022517949
1.3922750016954513
1.423812772033889
1.2921441095785204
1.5240357431215654
1.532722708993784
1.4570009964958759
1.4211155592239553
1.4926523171506623
1.4893439870846876
1.51284838599392
1.5463869812940547
1.5174342443958857
1.4810870831166743
1.6290851008595417
1.5632623025141597
1.5759373213256909
1.5516446694402648
1.5715264672940732
1.5974770607294624
1.4430503819382516
1.4113400205160445
1.4888878725070263
1.5357575093241476
1.5951605061823686
1.5803291994272846
1.5791279803430527
1.5460156140026724
1.4752677298760355
1.4839793398284509
1.5860525587295817
1.6059052406661822
1.463635355256802
1.5557882023569478
1.6693440539067914
1.541971687052633
1.6176243098407272
1.5817513367286453
1.5631171946895792
1.5686355060759027
1.5995751155619704
1.638684590572743
1.5703994081615553
1.6236196333845392
1.690549506849132
1.541301300847661
1.605037675265837
1.5348177582173386
1.6155671168709311
1.566004835528617
1.587802564321933
1.5345777136080936
1.6272848070197496
1.6503972183162952
1.7246247021592833
1.6475047280207984
1.853180886289604
1.6629258531576923
1.609031132358687
1.6546440132830618
1.625264698741049
1.7245912374859227
1.669174133126109
1.6216674861098352
1.8078264704892395
1.6121934196479082
1.7011410605682626
1.6444338471103974
1.6515807745163154
1.645327385336589
1.6983587577820438
1.821545993145556
1.7912644645431837
1.691913752752117
1.7191596467121832
1.7918854754554525
1.7740212040028769
1.7322611708952458
1.8686895294195585
1.7413577376970197
1.7443093685484357
1.7751178417055857
1.8064909412148376
1.801431815753151
1.6772888627799347
1.7538175727552043
1.8975271269509186
1.6284245338895094
1.7817589353837706
1.7503057236481439
1.6971332255216796
1.659796061403214
1.8631272343442806
1.7109560185396808
1.7872882048593965
1.7140873041546556
1.683765267959719
1.7866375815355833
1.639557632477682
1.781990319138995
1.7942568035011184
1.822996095892184
1.8313037482091066
1.7691648206627113
1.7038231883557893
1.8433503739495471
1.6723231727952206
1.7857879969675985
1.8375841441724106
1.7978966407724601
1.7437874954612151
1.839901630101392
1.752903681680172
1.7640924280066967
1.7444756394867855
1.7323214942981637
1.7762519739528326
1.675030682823269
1.7422314247143986
1.7718294462223705
1.9325837439068727
1.629388428129205
1.768308461133794
1.8662726588837988
1.8212584080104592
1.7108733174414068
1.8336275510690803
1.7030174570438306
1.7560828385834002
1.7810860622917073
1.7165378601012675
1.806797111431706
1.728477212492464
1.8249606800188878
1.8527548410200574
1.6995636981867448
1.7352019973346056
1.969603474720573
1.6786901246736687
1.7500609302470858
1.9756803079097403
1.7373719817111402
1.782926054814356
1.8626203730788542
1.8762946336785866
1.7277621401217553
1.810958311668355
1.8201410346502904
1.7904694746660343
1.7130960650740377
1.8185685574419643
1.6878202732457592
1.7307982605168162
1.756547959548092
1.8335151693269294
1.760309087521567
1.8669020064891606
1.7970227388792432
1.7217214644995624
1.5829054435974228
1.8372755106758434
1.6980084096758619
1.91984744301043
1.7186795931818475
1.8175361396253518
1.9722581410232631
1.746649869146873
1.8783016529638494
1.8165469835768935
2.0070731426283515
2.001305748021687
1.7701430136246559
1.794631869219701
1.8041040135032123
1.9514541512213586
2.008496940301137
1.7848173062296682
1.8684846018157477
1.8879122402926132
1.7777807465214595
1.8095670573127398
1.825470468696715
1.751787527394059
1.821434508128473
2.0370674314215447
1.8886038366821627
1.9316140375774669
1.9985764731892228
2.000623579916376
1.871707344839495
1.9912940285298848
1.8461510486612847
1.9796144692269557
1.8427221605464545
1.9607849515317417
1.920874029488926
1.823519926204104
2.1313849478683737
2.1305913304673774
1.9693437903980613
1.9859146382861548
1.9796476250325468
1.9813961848073525
1.8017717823614992
1.8432608687643959
1.9451298668143209
2.235845622050481
1.9339719593017857
2.046699947031081
1.97744784813114
1.9718840622832006
2.099400865800825
2.0604748774460186
1.869351014975607
1.8984885104992792
2.0689869224427198
2.0603041471314856
2.0006895119640618
2.0544079977937826
2.0634684935867824
2.3207114994899043
2.0826237480509073
1.7666500334452404
2.152208338461436
2.414961110650572
2.3267593890138834
2.1556059785343957
1.9634187324644587
2.2485862439495343
2.246499783180297
2.4971960083682947
1.9184641768710504
2.2823812448841574
2.3530089588092746
2.7214337255612335
2.0530109086852044
2.6371453361465647
2.1737885965959265
2.1545601806937174
2.9712383820307573
2.233778633704815
2.6451099128277535
2.340810243538449
2.4399519587871707
2.5057881773607606
2.43085566950196
3.863419170627712
2.402708797992146
2.752914792393626
2.801582896431435
2.613934061817552
3.4445215663035333
2.238476795158242
2.952199976397687
2.416637743401049
2.6617713057596935
2.6807349255622053
2.654696228564807
2.6065047517123783
2.8369293698320224
2.6653895201189743
2.6086242593283417
3.315847715448709
3.244551688766539
2.5964047795112006
3.4066564091947256
3.0836857869294367
3.5844362307859647
3.5848452443676857
3.001389674526422
2.5708252976500514
2.4296181664122467
2.5935730053989654
2.873733001803287
2.5090957977435706
2.3218438457882806
2.4543534488530367
4.067610132996006
2.688218477745486
3.29065723693145
2.9725889413077624
2.1783232704205733
2.5464453172404737
2.3402866989124576
2.3834254005070368
2.365760565717601
2.5681912439676213
2.4395136668431454
2.1941412197328303
2.3432183670508584
2.2667763926369546
2.4752118548701687
2.2208627131281484
2.227302033014165
2.3799474827897407
2.099139096444973
2.0306219207092737
2.904393497235477
2.2862254346869872
2.4020565747456453
2.310294140477759
2.377891149918316
2.257223844045927
1.963105315412758
2.343820314062063
2.2999922001258115
2.203888270130743
2.185705265097628
2.014107829032304
1.96668448065523
2.0740846890305096
2.325794863272899
2.1467045006658094
2.2806369952072454
2.012682936755796
2.060900409239802
1.953625534530232
2.217663422734831
2.0517181517464973
2.0496128316122033
1.9625161422317825
2.006470817637954
1.9608818838943827
2.0345307482024624
1.8730628418885427
1.8949062233246332
1.8601117007296406
2.0197866115384495
1.9516950755025664
1.8143311398152264
1.8327513773561812
2.0763720512503143
1.9283284180056093
1.9742905013619831
1.8407758317751253
2.0050851366012536
1.9115335409099201
1.7921346824419204
2.091617615384163
1.8842787470336717
1.7800387780367952
1.8261877689273798
1.7666120223299098
1.8538083509821612
1.8710557412125224
1.8036313244221926
1.743945805763731
1.8253398407975803
1.6600068401192762
1.7668879791577108
1.8089084094639318
1.7416460320908815
1.8058012985102287
1.7782370626867865
1.7564782062829765
1.7489481293216773
1.7386394802412035
1.7428487912339752
1.7288292291846667
1.7319477389767912
1.766170819106518
1.6948274502786616
1.6429483670406413
1.7688633893807688
1.7377973221119665
1.6926775770235327
1.6830509684487616
1.7204350886807613
1.6420967616534072
1.6633880802131278
1.7135123088449336
1.6425173706227336
1.6552899875438116
1.6751772356720036
1.6209312339971844
1.6017120403753133
1.6438818535704143
1.5825727075002345
1.6556292515688584
1.6452319938595903
1.5708119156949985
1.571698206832194
1.6226952176887837
1.6071512558319587
1.5558858750565268
1.5504620312938948
1.5588004198604646
1.5808837303167564
1.556054968997767
1.5850788022512619
1.5706886725314246
1.5639718738650004
1.5610183249086296
1.55536302220396
1.5769478993489188
1.5343990334593816
1.5654985723699435
1.5023100436945571
1.495229407475354
1.5056302015790668
1.52540700426905
1.4931635229823452
1.5094353806147522
1.517120228450743
1.5157249983598555
1.5003789591894272
1.4846490661644833
1.4818192418637075
1.4841167905254613
1.4488909181109952
1.4712650073003193
1.4924582416549868
1.4542133188706956
1.4721051642392846
1.45446131975524
1.4677587656360573
1.4576596954566063
1.4972181754132885
1.4198947001676339
1.4440301664355975
1.441994133081071
1.4179993802626474
1.428009908083851
1.419251474428142
1.4340453007574694
1.4205517605921354
1.4244943054764785
1.4323643956723686
1.4139384340141377
1.4038585977448543
1.3993224035748402
1.423745125187295
1.398160513450893
1.3696859251473787
1.3966794428582894
1.405913583114314
1.3938386001480285
1.371797628460926
1.3866434032557433
1.3963950753958172
1.3576359520228771
1.3479688639466085
1.3559467876393918
1.3605080502191542
1.384544792181939
1.3505210633088258
1.3493831063388044
1.3567223870350633
1.3424477279654232
1.3589498093622217
1.3707296346955995
1.345969214674223
1.3612326975272233
1.363253088116156
1.3062950239477602
1.341088882994858
1.3263848780024439
1.3130441478680506
1.317933194696733
1.3163624037806374
1.3030848527056487
1.3067115234994542
1.2934107262795995
1.3321726502558136
1.3036605665538326
1.3315513959636325
1.289199686661297
1.3001798133945475
1.3086288169912872
1.282916463719025
1.279394435258985
1.2819037637541375
1.2760639078636267
1.2608213193592686
1.2968720689326618
1.2613481079505862
1.2352529139177961
1.2681106765417385
1.2605284359361753
1.2767665147504432
1.2524080197742904
1.2519655992125918
1.254281898012409
1.2313592259336203
1.2360058324135066
1.2683386645439398
1.2651569793154214
1.2417704644522787
1.2479125574724055
1.2565540848787646
1.2401340406771435
1.2689848027270714
1.2361654563877318
1.2409362541476991
1.2331919702749787
1.2200912729402935
1.2248142566551465
1.231016869388618
1.2219297556398343
1.2009075968658525
1.2166400197155802
1.2170871090596178
1.2192426465957826
1.2182069189334732
1.2164514174795722
1.2263636693372364
1.1805210851848496
1.2095491935255447
1.2039969894046252
1.2005118901065004
1.1894833925625903
1.1895488714087776
1.1918510745348032
1.178562116701975
1.1788786903477673
1.1742382514009388
1.1797588089480049
1.166406456786523
1.1775759579000806
1.1843393057821987
1.1653284857952533
1.1766496662472545
1.1680131201714559
1.1580070835363683
1.1583412112660085
1.171828822803628
1.160595422800543
1.163933590026779
1.14779606506169
1.1401288166803405
1.14084295310062
1.1588825158413654
1.1527664562463145
1.145623322547963
1.1602981864947577
1.1465727197544926
1.1262026474676032
1.1502217627808278
1.1426908599257755
1.1391197465095662
1.1407763616876818
1.1425558179235866
1.127135642788211
1.1195436196884183
1.10358478339813
1.1363356223836638
1.1196151536098837
1.1226565113139721
1.1207524215444038
1.086887015742008
1.1222383514098302
1.1048597378740543
1.1149188367931624
1.1131472119550327
1.1114423166612517
1.1122430469638267
1.1037457836615816
1.0949709911527263
1.0857824869614905
1.0891469075023283
1.0860025566300164
1.0825034474223165
1.0812304992041486
1.087063988028594
1.088597702545277
1.0860160648358053
1.091118751087436
1.082196185127884
1.0692862751556256
1.0815031353091846
1.0691934431836925
1.0777568138344493
1.0848512462912427
1.0724496653101632
1.0577764815506143
1.071865888926384
1.074503876145934
1.0768656023321712
1.0469567059023133
1.0718781791191163
1.0608551893575942
1.049621907592385
1.0475821060582509
1.0407512812458266
1.0401896546566591
1.0451206825701078
1.0343156764543815
1.0365504749979506
1.0365169849470277
1.0254829507518077
1.0535815025682245
1.053532867854265
1.0340605061604469
1.0412523664315294
1.0262913384425307
1.031748443935026
1.0218720556796574
1.012829391073189
1.0166544201689132
1.0238557756294746
1.0383274214259746
1.0356646139449115
1.0301262502396562
1.0092955074548924
0.9931642370461731
1.0103404734822115
1.0144915507527776
1.0000807238784963
1.027334715008974
1.0091243199807134
1.0054219270726419
0.9858574432750461
0.9880163122893163
1.0109895847021402
1.011557041939282
0.9926662076443632
1.0031873195964285
0.9807088071716826
1.0017161855871004
0.9932705620862791
1.003933658621976
0.98427568954581
0.9746071641162551
0.9793443761327411
0.9848904514632688
0.9777969430048402
0.9881190929885235
0.9666107876602705
0.9679132704130298
0.9724039287117016
0.9686863661067281
0.9697652791401679
0.9651630483918704
0.9659021220258884
0.973446384902774
0.9603428985241856
0.9587783107732791
0.9451437821162351
0.9651672767806041
0.9612166997578743
0.9729613296681829
0.9346456790298935
0.9515621766301072
0.9583326980880432
0.9518799191278206
0.9470462014694803
0.931208162420357
0.9491469741139785
0.9503071802109423
0.9347808798014283
0.9435596058485035
0.9536415614869449
0.9323458818542174
0.933768590971426
0.9257302005614223
0.934694798826627
0.9267458534935851
0.9513540254074523
0.9382100668746803
0.9370880934828838
0.922798244112113
0.9370245092195143
0.9271610870652564
0.9311560276872279
0.9222735370410167
0.9234397025297532
0.9230992379505744
0.9154493818197679
0.912533877433777
0.9167480820014847
0.9106625987521499
0.9153023047444195
0.9182967301774445
0.9247570704926237
0.9145831413426828
0.9068174560431075
0.8927970004106416
0.9023700376700219
0.9046207098867527
0.9119490468336479
0.8972945700069109
0.8992306535787586
0.904086368294225
0.905956371436647
0.8973794069498082
0.8940138347778823
0.8993542396624385
0.8939279566341451
0.9003455134658561
0.892581139112785
0.8822890152267079
0.8931461606334233
0.8925343640095202
0.8875339505093097
0.8826658684581186
0.8851748546500168
0.8818928518486533
0.8863880455049058
0.8807728749707128
0.9050336345002894
0.8954746650345776
0.8801665903609738
0.8679255249843555
0.8786782013676865
0.8693547896409983
0.873638061947366
0.881949281198994
0.8790403003826053
0.8680532113486594
0.8775358824628017
0.873053280076236
0.857281600030207
0.8663169113054471
0.8697172351825134
0.8654089966921055
0.8610862325320853
0.8631981277053286
0.8621624949610782
0.8627421822262121
0.8664423438286234
0.862885413650702
0.8628457716182788
0.8651573776140491
0.8547003494498849
0.8697668276343615
0.8585524331795509
0.8638124720394468
0.8652734935606445
0.8560489938382482
0.8487436939755667
0.8555630852776154
0.8603887753448083
0.849019461574821
0.8449487360055173
0.8634581846730107
0.8319211677970773
0.8399150614179386
0.8594453920579607
0.841186704037843
0.8403381770232768
0.845266433073794
0.8409124098924127
0.838085552925862
0.8448179461300045
0.8347934943867248
0.8260886529236593
0.8420424209475816
0.8447413071324812
0.8346220311205438
0.83378872316442
0.836761461192571
0.8486915224782303
0.8327072418435914
0.8237028795817016
0.8235180698718786
0.8451289175621596
0.8340846219435076
0.827369911269504
0.8289236227236901
0.8380340601033093
0.827410370798578
0.8240862817741801
0.8238508843293213
0.8333169253458892
0.819934839756165
0.8291019143306975
0.8168254178017693
0.8294282127083905
0.819805536565364
0.8247234776188355
0.8095252032008176
0.8156055762144244
0.8157924173142532
0.8175498687060477
0.8165032889789617
0.8173838447763788
0.8156960365503998
0.8187540753000843
0.8132524657916743
0.8025687457610895
0.8138024492050077
0.8161920617004202
0.8177961774679432
0.8139059612019568
0.8208909969161897
0.8025404424448982
0.8021784157569265
0.8136466518735994
0.8113570142596347
0.7963189617652898
0.80123511160212
0.80905327787456
0.7979046884174091
0.8019365091697562
0.7959973026174451
0.8025313610145732
0.7961524925422692
0.8074864296946681
0.8114688063780432
0.8053738568074884
0.8151982432350695
0.7979863681032996
0.7965601408918858
0.790553089281628
0.799306823658786
0.8004180616301865
0.7891526464232054
0.7949551501477871
0.7951720065204915
0.7875841587250502
0.7840574412539362
0.795269962809679
0.791219212755122
0.7809327566482019
0.7824045304237804
0.7834651193847553
0.7869703653991114
0.8036476374682378
0.8009650950896948
0.7880169203967917
0.7849524809262303
0.7892195996618214
0.7892069527246013
0.7888660160462492
0.7835498024910929
0.7841307378665529
0.7869490249978476
0.783081108039405
0.7848850874835717
0.7795889001999332
0.7826205579679621
0.7713229302290577
0.7807530972522011
0.7697216027129663
0.7800388852653676
0.7706209878100052
0.7805798102137491
0.7828656400441686
0.7848913719249168
0.7779503497890836
0.7733166073718492
0.784011697029266
0.7747209652864877
0.7689494302515906
0.76770147349238
0.7766476495232687
0.770051143810995
0.7699739539559735
0.7724725015967607
0.7738560992379506
0.7726396339527922
0.7721189107514793
0.7627487911161765
0.7784988619406125
0.76437748815909
0.7862931525426579
0.7718167138961145
0.7734091144703324
0.7725964810523014
0.7671754357118452
0.75949565312584
0.7627969278561725
0.7783030413876957
0.7630056822721644
0.763235475524539
0.7652940207754003
0.7583509188948346
0.7684599362042046
0.7654096605373252
0.7598934011763557
0.7590751329061578
0.7621443359977539
0.7613895426862961
0.7575803887288478
0.7663199877250163
0.7626564197805534
0.7585371358334839
0.7586085055993897
0.7603166910788535
0.7651807998847152
0.7566229461785788
0.7601001054615263
0.753524968222302
0.7513507580621309
0.7557740227168952
0.7576407133033629
0.7518566421817665
0.7600269323546319
0.7474141361931522
0.7624322765273366
0.7714723765416224
0.7572494073551169
0.7540599596332197
0.752741468080914
0.7445815624804759
0.7413452178679639
0.7553958823211696
0.7569314005805453
0.7523178472748365
0.7437267793327744
0.7464118500948962
0.7428658873443172
0.7496020580341173
0.7541551814211774
0.7551061852053099
0.7528355162445346
0.7474386485954523
0.7437756402207399
0.7490454575488563
0.7421518829720196
0.751114248094408
0.7456483719718244
0.7502595863451557
0.752921676796792
0.7513949409424233
0.7434211316398208
0.7343296931421224
0.7472205994723712
0.7339148051495381
0.7418082218710856
0.7435167783340191
0.7400387847380723
0.7405366946915248
0.7420282480017942
0.7460268576709486
0.7423583991807653
0.7305713870495819
0.7336384391097238
0.7363347070850224
0.7402409558390017
0.7424958040877803
0.7393017229323832
0.7365223632728798
0.7378683486398022
0.723736319652412
0.7369935618455329
0.7266780641307576
0.7451413437756373
0.7371775591062453
0.7289516408884226
0.7411198687014651
0.7244812615696281
0.7343632815894988
0.7230303956420921
0.7361104870387568
0.7383114895209334
0.7258963299640426
0.7358392252686679
0.7392759075912608
0.7269263590799175
0.7239303454003937
0.7269174784123554
0.731376467134768
0.7274799428162352
0.7319046481167591
0.7159999209069811
0.7354997773822483
0.7238661018066634
0.7204656862877404
0.7305858204785062
0.7410215181177673
0.7315034226497518
0.7286039475122988
0.7215936580621136
0.7159031775122545
0.7266631275083942
0.7265954874730792
0.7184571720871736
0.7221352130871747
0.711160433743828
0.7219380606350035
0.7347275893513577
0.7245541935731691
0.717735243133034
0.7234297638376214
0.7312853184125925
0.7219709988335682
0.7192789790431576
0.7099084308240547
0.7263030105243267
0.7264450908885548
0.7205663654624498
0.7283729040664622
0.7114044122154437
0.7142090453438494
0.7195962317162481
0.711825724846357
0.7157349106879208
0.7212694110353665
0.7244010036621076
0.7183950078005477
0.716114466517072
0.7047540050200228
0.7218469000935616
0.7203614358078924
0.722419307450706
0.7143726373610041
0.7197361283817522
0.710359798705292
0.721425713229114
0.7101034692378831
0.7146721651948501
0.7132367183321614
0.7148273724634002
0.7084757231072757
0.7179803788108597
0.7135244320387356
0.7200187689077124
0.7085601971361637
0.7143069002624469
0.7133152067436479
0.7163044126282435
0.7053552823058161
0.717905703378949
0.7106060048003189
0.7201816258508865
0.7092615167458507
0.7113263914433317
0.7068830508782452
0.7142190772937337
0.7147149766245963
0.7259026390336298
0.7131433274585381
0.6986673211766932
0.7101245433310934
0.7008416558932433
0.7059000388959935
0.7088857796402821
0.7091099149482192
0.7109001271212763
0.6988011989747914
0.7087010028066244
0.7021916723009977
0.7106959027331239
0.6991754799870988
0.7165918542588025
0.7057210441218115
0.7171853186215624
0.7037755688363985
0.7006166779673584
0.7038392686200885
0.702854658819274
0.7025219137157377
0.710870531778921
0.7085574401682505
0.7001586577708836
0.7017459360110079
0.7165590123404852
0.6975907985138909
0.6991511968154975
0.7100522083423378
0.6996188389152032
0.7009179923183047
0.7005667500743437
0.7085669048528667
0.7015529068560457
0.6980757000351583
0.7069203082183967
0.6984632981042997
0.7082450901690764
0.69993287169186
0.7017613080165587
0.6993660572870194
0.6997902682052619
0.7002178937456094
0.7033909550208068
0.7002256383360617
0.6976028933988692
0.6999439739874573
0.6892407019947884
0.7050518679470974
0.7010546793326493
0.6959688855198475
0.6962058812802622
0.6931213444825673
0.7111946024108096
0.6948531761069013
0.7004626317710108
0.6963998846215064
0.6877153116283186
0.6955368002563984
0.6918452689893149
0.7045834885958651
0.7001402520976948
0.6925915602337712
0.7002088971493549
0.7011572255163656
0.6995676427606907
0.6931690593580426
0.6947847787845467
0.7011075321729918
0.695597890555156
0.6942945427622245
0.6987551798348177
0.6937544871445253
0.6912684747349991
0.6965050288291591
0.6873453229019653
0.6897364129907234
0.6926359910465665
0.6911288863045233
0.6927156900002781
0.6926405714803955
0.694863180623817
0.691088089933713
0.7011342135550701
0.6917612937734614
0.6931650454055283
0.6948795254495443
0.6907771188915555
0.6934422344532406
0.691417589215709
0.691293299184874
0.6838600259515882
0.7004214984212659
0.6971134705754297
0.6885253340663695
0.6978847981937977
0.6913139308402446
0.694888750925086
0.6843775469644878
0.6944845780350168
0.6947923903318951
0.6865687454955899
0.6856679929860094
0.688440908324894
0.694003501566792
0.6882953817939327
0.6830159357170199
0.69526622146588
0.7002994800908523
0.6934395978406707
0.6874512735476286
0.6941635452809213
0.6899929742675553
0.69170374113752
0.6914859387791112
0.6888717144328038
0.6865412678281978
0.6903749741423686
0.6860642784526183
0.6866610245747425
0.681697687719784
0.6851642540927795
0.6914371612226299
0.6869043126859512
0.685255784983692
0.6862667121796088
0.6817860329921622
0.6911381750381326
0.6815095475742831
0.6900902610046425
0.6831307710396595
0.6878805678443773
0.68374227287565
0.6831359437849543
0.6879418498640849
0.7031174317777413
0.714754318642784
0.699134779099348
0.6887057475901066
0.6812629894919443
0.6894843207768491
0.6800540559299626
0.6822496394373412
0.6794504004191806
0.6816097838108155
0.6773809576991267
0.6848746059461014
0.6807406374756275
0.6854272989795271
0.682789697803326
0.6921797261265331
0.6818475529028204
0.6801028285788758
0.6879073487331508
0.6839183765956633
0.6830429491725899
0.6830603407201945
0.6890786224017664
0.6781471628111666
0.6797396819394758
0.6859553434145211
0.6792368128839155
0.6804788125764205
0.679082742246409
0.6864139366664188
0.6785883379964159
0.685830046335419
0.680852709747965
0.689225544294978
0.6778971089518155
0.6871065857948662
0.678145293378218
0.6726051414198889
0.68302106047108
0.6809925100068281
0.676860586504248
0.6808498934898111
0.6773621682709765
0.6727768326390674
0.6827797853815897
0.6773712716947622
0.6805853332659466
0.6782416851903159
0.6818963747334411
0.674547024934637
0.6822687373566458
0.6796838642339769
0.677015410941948
0.6733795527018859
0.6773645107949816
0.6771005339594489
0.6758090269527913
0.6779655537918722
0.6777519539513531
0.685068766083987
0.6761487323428726
0.6760686666891355
0.6795777951850371
0.6708932652513154
0.6785535302668594
0.6733947162062628
0.6797770861391564
0.6803716354949251
0.6727725004664266
0.6745626980248959
0.6694761412215329
0.6761566650169164
0.6703955776104153
0.6765858135102729
0.6716111514200065
0.6720276963756866
0.6727528990442805
0.6770569940038812
0.670291976823109
0.6717651031894379
0.6705421478861863
0.673563780878793
0.6698268175627368
0.6758361940179951
0.6856304548921578
0.6684535801940777
0.6681206791425401
0.6694047448408968
0.6796409155314597
0.6743242449895345
0.6659459022216726
0.6688487845501444
0.6698184952741358
0.6641346605462818
0.6721363658064596
0.6653361124899335
0.6816019261379821
0.6689735962191715
0.6710779050285485
0.6662910649486727
0.674834963151118
0.6742756506373621
0.6765938141697639
0.6718797185287355
0.6744928496146816
0.6667124689577517
0.6721560509850681
0.6726567617780814
0.6660097300672898
0.6623379512059644
0.6710403807015143
0.668001871751824
0.6650992756810852
0.6688308295305988
0.6638899297610664
0.6684366734271148
0.6664311949266483
0.6708381192679574
0.6687656011426899
0.6684820446176861
0.6682188703267256
0.6659287089251187
0.6712571425657038
0.6645814483390069
0.6753954565622472
0.6607474053658529
0.670275055564551
0.6650114625034953
0.6637327421942271
0.6659991647449055
0.6642736706305044
0.6637568524572376
0.6699501521315628
0.6638964060269352
0.6686587773311674
0.6601886959599199
0.6673086663884279
0.6724798059442454
0.6685969333557576
0.6703610021588877
0.6653452894543198
0.6602932575999408
0.664618332585834
0.6612648459890411
0.6623028322546539
0.6701217944174442
0.6563790906007451
0.663610826533801
0.6645226774909387
0.6640643633381726
0.6658699099656823
0.6676834471792856
0.6574789210956188
0.6638042894727557
0.6614533571413257
0.6679706013161798
0.6652919464469869
0.6634108097638991
0.6691937820212145
0.6624899374808787
0.6640736036303714
0.6607803574921887
0.6588084759380622
0.6618946981713929
0.674284216188837
0.6607128271049949
0.6595940553070799
0.6585465158389672
0.6652192334012633
0.6535496149248997
0.6688871271435541
0.6635227200016226
0.6589285372346321
0.6595789190304788
0.6623331077853573
0.6645304965012973
0.66326028332407
0.6626382695982879
0.6617507104348239
0.6578511459285151
0.6603026116438419
0.6702175652937253
0.6594155786601277
0.6562307745150702
0.6600272726854896
0.6566804413982897
0.6642572553940348
0.6607626255816959
0.6594073211093395
0.6581944427127594
0.6644654234484243
0.6572418491544669
0.6582510673989244
0.6587402521176257
0.6663064214707576
0.6587086735799476
0.660575947474212
0.6539861922776337
0.6623138840636471
0.6622049061564128
0.6611134659975145
0.6597288607793295
0.6598119700925557
0.6532215170154202
0.6562745728970675
0.6653524483045163
0.6609356590531832
0.6512805396112765
0.6515863327748024
0.6669841147830311
0.6587773707102454
0.6568032300205264
0.6604135992461229
0.6536986597116758
0.6610663838178559
0.6540019075188659
0.6622807551788229
0.6638398315807096
0.6672548361333343
0.656945090847872
0.6543224459060232
0.6597352883738863
0.6619495730151437
0.6554851349425186
0.6580246933862129
0.6619194302117473
0.6630804678878136
0.6546483411956856
0.6597178187150341
0.6554315964239951
0.6595844281828898
0.6609810537205004
0.6620980002793012
0.6581431749645509
0.6569359663912793
0.6566664188021214
0.6625105987382962
0.6480623469861924
0.6641932472814503
0.6545434522227329
0.6600962032541703
0.6585055670152146
0.6596808932631901
0.6574762650814315
0.6621380075972403
0.6571934372319704
0.6656900001124673
0.6618219319648821
0.6478597742825957
0.660044241896963
0.6594407047729859
0.6553530320162313
0.6577240734272728
0.6553692569920178
0.6582003583515906
0.6625681344714781
0.6613879801484835
0.6576655179792559
0.6562977967739252
0.6557060057728546
0.670150310890342
0.6615828158621657
0.6581800874733166
0.6581246661627465
0.6567464055143759
0.6573124438740608
0.6522512899225743
0.6573942957848872
0.661211469237127
0.6588787425137509
0.6653451047064102
0.6554645998399318
0.6610768598417747
0.6549557400110998
0.658061898921292
0.6634967832961793
0.6516401630928854
0.6525169245292963
0.6539846944017914
0.6561900427585555
0.6538185005467259
0.6524895473380741
0.6601854283376217
0.6568609647746977
0.6588268811181773
0.6587293542496093
0.6549590384216327
0.6551593506315256
0.6598517505324183
0.6532731283192548
0.656262954700401
0.6615178379205269
0.6579306043943262
0.6539973119056463
0.6597125130900038
0.6621906419844873
0.6549222884669111
0.6589252825631399
0.6627894557078038
0.6536962839181119
0.6576612294535203
0.6533417849091894
0.6582616820732508
0.6605454299048324
0.6590410789292231
0.6529708797426104
0.6617871255178076
0.6588750654115271
0.650454457381349
0.6559648074816086
0.6617793432385722
0.6586171969059678
0.6557195157256274
0.6605319979543316
0.6640094695174044
0.6586642054763109
0.6578527953983963
0.6639646803758358
0.654460009113228
0.6549086595270577
0.6564453368240551
0.6624943756375441
0.6557323438328775
0.6620618432149035
0.6636984361182476
0.6532502521885579
0.662301575831848
0.6501585504031957
0.6681219724982429
0.658145659501758
0.6603218175641032
0.652033754907977
0.656932899246277
0.6599771230947539
0.660755564185598
0.659880209973111
0.6559113386625858
0.6547927577605538
0.6583415190980727
0.6573143399906171
0.6569606118301371
0.656215382646057
0.6587370417674431
0.652927562368127
0.6607116340575439
0.6570912697518798
0.6576515050257586
0.6581833194013901
0.663454604751288
0.6560950791554666
0.6703122306350716
0.660170100488655
0.6666561915688357
0.657697824068894
0.6600123084463311
0.661530609927227
0.6624014348782907
0.6494638483325248
0.6564491140289455
0.657994958570557
0.6578164997008197
0.6546997819211455
0.6604069628370476
0.6599730098526287
0.6628435743487662
0.6637082017734931
0.6606334971907042
0.6541039464220277
0.6634718139963987
0.6602295104199916
0.6631046426688976
0.6583549515473246
0.6641743970218038
0.6597580224105852
0.6573444605483181
0.6625674987939427
0.6611631200872982
0.6578434927564709
0.6615530000439076
0.662083597430871
0.6542063231484407
0.6580780730896164
0.6523619325895617
0.6636605566579263
0.6639697101022005
0.6517521362072449
0.6620272053514252
0.6562882309344532
0.6616230415570216
0.6571446101377406
0.6686928654052372
0.6652750634880683
0.6556685795462813
0.6627181128686856
0.6529157127736442
0.6608821045048019
0.6610662958873005
0.6622756073656023
0.6638628333634983
0.6489748550188266
0.6528308628703117
0.6586834468322287
0.6600343034480258
0.6531855332340304
0.6624734934251192
0.6631925454915788
0.6640146513611556
0.6557509313989693
0.6529327680218108
0.6569239663868173
0.6608165117147772
0.656859488923524
0.6660269275723852
0.6616117903310399
0.6631827637309085
0.6618166936419069
0.6604983242665913
0.669341451060304
0.6551656835911297
0.6586647964045662
0.6624422021029204
0.6571602373446662
0.6546478830263317
0.6587357739899488
0.6607972643158354
0.6637924929716162
0.6551219387749332
0.6673528352315338
0.6605451188580881
0.6658635381018083
0.6583495923516188
0.6586906924302142
0.6612217225730181
0.665810792001678
0.6604575677833403
0.656179194868853
0.6653401214041755
0.6578335268906922
0.6576015747564729
0.6581628482980908
0.6629534414403566
0.6618543330054212
0.663865999556954
0.6619021124844156
0.6569880425066454
0.6570048825628649
0.6680415649608323
0.6660579317716576
0.6612419167277246
0.6643447160961251
0.6615579962232783
0.6563451547165287
0.6579792514229406
0.6594692250293477
0.6677417900054821
0.6576400213963474
0.6523202618693417
0.6598628702689655
0.658913283830562
0.6636183036511686
0.6604580994949646
0.656362513480055
0.6592479713642259
0.6621354649170631
0.6628695435299589
0.6554754300205693
0.660347666904023
0.6664747564047886
0.6596903762133961
0.66088570614089
0.6609156832037247
0.6567452898481257
0.6599925748875652
0.664202085117948
0.6659474438242272
0.6595946615791557
0.6611018290241458
0.6676356251976419
0.6656774504695512
0.6572811464565881
0.6607084879936628
0.657261240468125
0.6642125871499026
0.6580705003220666
0.6647226360365708
0.6592874763268667
0.670230732088886
0.666556825778616
0.6606061578009124
0.6610800780071833
0.6670524092299293
0.6648237373658435
0.6625109388601199
0.655552625598976
0.6643115770009869
0.6645230866561798
0.6654615061771914
0.6625642937092977
0.6653832621392459
0.6575152677034821
0.6602120826597728
0.6619284020873134
0.6619634044150376
0.6508381599513781
0.6669142276614577
0.660209038469037
0.6607685055807947
0.6592289664529394
0.655456676360066
0.6510909484987457
0.6668645843125407
0.6605358962901631
0.6592935388032238
0.6698336705565552
0.6587864782142846
0.6583224194086579
0.6592254637087713
0.6642474266145979
0.6617388328647048
0.6550594645300066
0.6673362206741307
0.6669926519300368
0.667406641303025
0.6542963101629624
0.6666700695704632
0.6546806413856168
0.66380652143383
0.6580427933040265
0.6624277549252716
0.6620360056958341
0.6674494660581265
0.6781527447265582
0.6586334759812134
0.6575532811058971
0.6631269486539207
0.6580123546303778
0.6637311696600692
0.6550852370037499
0.6644955900319905
0.6546940972908328
0.6653940603661856
0.6554722775046703
0.6644312324645345
0.6559302794495402
0.6642778888461285
0.6655048471194448
0.6642564677023113
0.6639121974386131
0.6648202596071946
0.6570113365825577
0.6636273887069295
0.6584720222332919
0.6601594734996792
0.6613910805839074
0.6652259915965539
0.6514242380561843
0.6650831989807694
0.6601484497365516
0.6591053804376807
0.6902008023030288
0.6958250330832507
0.6836011673350328
0.656943952897108
0.6538342271062951
0.6667754755850037
0.6655262815681253
0.6597826256438948
0.6656678960574967
0.6681816261294624
0.6601857035415964
0.6647920331604324
0.6637302588058548
0.6621282098983158
0.6621277621253309
0.6565889235886042
0.6637900531457754
0.6615454330423336
0.6645474135915914
0.6590733316066993
0.6616624408821791
0.6621431763380867
0.661042416757412
0.6706424388469825
0.6613125100414573
0.6624841348458184
0.6731972751009293
0.6593467926902198
0.6620803383836324
0.6641547489428637
0.6599965024116343
0.6664069825157914
0.6613423422167946
0.6619759092430132
0.6639902172617127
0.6588737301575013
0.6606490962431705
0.6690544953827215
0.6598186102045049
0.6685060243150024
0.6577698190297897
0.6621752295860956
0.6658096104453411
0.6713800991009535
0.6639280730082772
0.666660881312214
0.6618385439596671
0.660200742679588
0.6705183039102282
0.6556233559208585
0.6674386204867346
0.6653289877670331
0.6638141320673234
0.6635243285123261
0.6689146317535747
0.6652484596798397
0.6617721996924454
0.6617126800000681
0.6620313094796941
0.66414769002677
0.6654342448532987
0.6619626599756595
0.6650019740920237
0.6643704785863596
0.6605950765625096
0.6579581971108296
0.672681079430008
0.6729685645958615
0.6614854652314573
0.6582229286212922
0.6576052991220047
0.6650714401536065
0.6665917756356579
0.6605955389313282
0.6584957273499008
0.6619393128666067
0.6614648484475858
0.6669570426895065
0.6587114289444214
0.6665984646447846
0.6661009117875956
0.666246610832884
0.6634295701758851
0.6586667485048305
0.6597712276730358
0.6616859346242975
0.6633892470878251
0.6604999775572359
0.6602945025453973
0.6576021561403731
0.6617808722199254
0.663343908285889
0.6691786153915852
0.6596577322767473
0.6604376676225506
0.6552664286327906
0.6673436429161578
0.659682448210168
0.6620720888299292
0.6617816830456426
0.6626052332944932
0.6583982642432816
0.6649786200127598
0.662375077827866
0.6653865897008797
0.6715666680031286
0.6605211845880261
0.6622292965424853
0.6656743750709495
0.6658855369585678
0.6610267791738406
0.6656616266086065
0.6599579538653688
0.6650505259535626
0.6628688664490372
0.6616365549011712
0.6668587925885747
0.6585796805486733
0.6614854767131542
0.6614930196577733
0.6631674309931792
0.6603676791698029
0.6589936888691246
0.6598184531501612
0.6575641496858918
0.6545078481007435
0.6659814000191573
0.6978340249751654
0.684053946620706
0.6722981039777921
0.6574655689904402
0.6625921494772097
0.6588813352018914
0.6576296817493097
0.651448154722075
0.6718646698503035
0.6626689672586639
0.6573808695499704
0.663640780598827
0.6630663979715802
0.6646734119156076
0.6697831546225751
0.6616408938297708
0.6607764707943451
0.6588268584533922
0.6624445101722879
0.6639415795118042
0.6580700692890589
0.6682567487483267
0.6627417548820829
0.6714251237578319
0.6655370294280515
0.6582257169078535
0.6729061964663071
0.66512225957969
0.6669452580819081
0.6737762831299504
0.6623835253147317
0.6714688856022751
0.66367630697768
0.6692991098359693
0.6689913052563647
0.6673452951207992
0.6646780260083083
0.6698924565935056
0.6637502971837971
0.657529163391527
0.6651108722733317
0.6633677244031067
0.6658286464369708
0.6532863759733691
0.6632165027100413
0.6687443882735289
0.6644033151014683
0.6658601262552754
0.6647967477328045
0.6744274454095913
0.6706932900634004
0.6609541855610731
0.6690545903872515
0.6798377827516259
0.6734009423447548
0.6581553941281975
0.6686401799001773
0.665101376189395
0.6607620226114617
0.6622951884799162
0.6631319258083181
0.6663629977428983
0.6762559888802824
0.6652090668786472
0.6708391449985999
0.6623596339628903
0.661173856998831
0.6624518466420856
0.6634953089586261
0.6729106684281692
0.6676203904243018
0.6632241476458104
0.6644445645063228
0.6671918190685526
0.6666199244211659
0.6649824035585181
0.6678865701974814
0.6677128563709019
0.6724441758622534
0.6698861416444994
0.6714960104709801
0.6701480856716548
0.6743794696506475
0.6645720110718446
0.6692684758850835
0.6720443544595417
0.6665061383590574
0.6695191584310528
0.6719900713090307
0.6714664538765283
0.6710872375849491
0.6685716554118338
0.6709636755893252
0.6709649589329179
0.6665367660136581
0.6871585189465816
0.6713044114382434
0.6659427341078696
0.673908712809778
0.6720235696550653
0.6707160115923695
0.6661085875318209
0.6736333648412288
0.6692080759453629
0.6791119836907261
0.6652597607671925
0.6733829047470848
0.6715748992434678
0.6753865765136644
0.6700040425609332
0.6777713943699786
0.671658172160782
0.6769410139349216
0.670961241532034
0.6766300359229698
0.6742592448793437
0.6730584652565228
0.6806428123565382
0.6697407564982736
0.6748476808622131
0.6800099379110031
0.6672638720655442
0.6701122188536173
0.6766695603677408
0.682364983384375
0.6700191326617312
0.6841110701039675
0.6874150385446827
0.6746195494617039
0.6779653675599415
0.6822271043953597
0.6769462999920064
0.6804849711786688
0.6791644245120855
0.6696569172382925
0.6795323295616178
0.6725940501987869
0.6702013077539378
0.6785845381310874
0.6777647695020635
0.6827298984287308
0.6771856942733212
0.6778212119724574
0.6752943433007019
0.6670177919474091
0.6746569302469262
0.6801200996124613
0.6752868524933283
0.6757758101087604
0.6769017932980723
0.6786421872359754
0.676720016291539
0.6819715619646305
0.6740654855745195
0.6812178756216367
0.6758861076338448
0.6793631080399937
0.6805935619602074
0.6838740964156689
0.6807168170212415
0.6754358778270425
0.6797994485511252
0.6782702322712352
0.6784659310512653
0.6802996693264313
0.674269506017299
0.683079323697962
0.676073744845833
0.676587533328895
0.681185410465844
0.6819364526702825
0.6824492988570949
0.675615582465046
0.6864174088142168
0.6785416079129697
0.6734391743677632
0.6924116527454849
0.690196191150915
0.6792729336090625
0.6791882223728726
0.6818876975281455
0.6733846308606432
0.6768344897829803
0.6814391836023426
0.6857119100282391
0.6843946145206573
0.6930361535249304
0.6810804128058991
0.6837556485790518
0.6779985303806207
0.6804806762973077
0.6841388899115685
0.6822298597289497
0.6869066408533512
0.6895506245808989
0.6829977826672973
0.6869430559168046
0.6834266279269435
0.6894254548192046
0.6781309671660398
0.6850294128707939
0.6768706755440367
0.6794359780166541
0.6829480801637894
0.6862799806533644
0.6860436998606546
0.6805268662538919
0.6855516299054728
0.6940162954890168
0.6792379834885196
0.6890094186247603
0.6797554487547137
0.6780927073041847
0.6872625473306521
0.688336039991859
0.6842936578946914
0.6851672642898827
0.6817624257764578
0.6848181850427967
0.6820666598353958
0.698192761607073
0.6858875159453157
0.6900377513180048
0.6845122312807256
0.6925566251481449
0.6908712118962257
0.6910079268528702
0.6808535959599703
0.6880729463681259
0.6919417017761992
0.6866164360226297
0.6846894931589057
0.6840881432505636
0.6900306073738447
0.6977035928592339
0.6875573327785467
0.687653475354374
0.6853434777570241
0.6890096533201531
0.6891723867467924
0.6919204456209711
0.6946124740841668
0.6877772090925395
0.6882213001580999
0.697447918047138
0.6834074056287245
0.6930363138887187
0.6900222674678723
0.6891027576459712
0.6794006408844993
0.6965853818193678
0.6871685062634265
0.6822826807666594
0.6958726286936809
0.7002388900159818
0.6892619649545159
0.6936403036023023
0.6968420024009306
0.6921507186714055
0.6950581211661133
0.6821329594715153
0.6823327545306674
0.6962793845764909
0.6874626902203474
0.6977996906216603
0.6888212996570984
0.6944588995640174
0.686359705897459
0.6946968190628565
0.6942459892887936
0.7091622690526582
0.6864410358374785
0.6918811940141754
0.6903205948044449
0.6883815158423982
0.6914672343070132
0.6923882572870819
0.6900461535857424
0.696053152958621
0.6964750981502069
0.6921062179179595
0.6892206315532099
0.6807976860110065
0.6913384605177163
0.7142160423441614
0.7238205233612398
0.7094417796631958
0.6865488476401501
0.6893341204802491
0.6929897097704174
0.6939451041730267
0.6977377030836027
0.6900816167026393
0.6905182664050418
0.6943544644790972
0.6901407328296323
0.7011538417603915
0.6956778517191982
0.6966753732937957
0.6921988275545667
0.6994520471031245
0.6999897681967898
0.6964057131169694
0.695228426480464
0.686926259036268
0.7011733642850388
0.6983196906379363
0.6936448633671181
0.7017043468117691
0.6964817323570242
0.6916542209395983
0.6978147204847667
0.6956945990078822
0.6935177391493001
0.6958055458928168
0.6989273662138169
0.6903906153610238
0.6963848154879331
0.6997110118486706
0.7058196833671891
0.69507261651946
0.6988882477355162
0.6932142470805249
0.6900005479809525
0.7009451113885592
0.6914188216915442
0.6967003048109087
0.7016370008476442
0.6886115346247265
0.6942029802834634
0.6930511242103881
0.6976163510292575
0.6923895872343377
0.7051747098567845
0.6996629190847051
0.6934104061583017
0.6989384435565379
0.7020912908060405
0.7014693949523131
0.7035496361200019
0.7003469937910889
0.7065539638052567
0.6998450102646621
0.6966494934194979
0.7004759189394397
0.6913986030632896
0.6993048228275879
0.7062226285800434
0.7079856583116
0.6900970335594974
0.6995403576520519
0.6988520001617406
0.7055949542439063
0.6916496211738778
0.6999629009668193
0.6997466052945082
0.7002871717850051
0.6918517865260612
0.6976514017271509
0.6988474980921229
0.696382131256907
0.703572687964422
0.6955555929840203
0.695018922419721
0.7088157008320637
0.6933582038065982
0.7037761698716942
0.6955099531219857
0.6964390201367763
0.694123932330076
0.6892311038368717
0.7023862510092829
0.7030986877096821
0.701903845272851
0.6991846195484793
0.6948301111030166
0.7098237225184246
0.6952877869597898
0.6965044310029839
0.698350685858343
0.7076596119355247
0.6947164724944752
0.6941834285175792
0.6975731078026071
0.7009483256085342
0.6895002422121708
0.7028962201710227
0.7003771545014951
0.6978788379098105
0.6979425075255612
0.7011651334866628
0.7050299018283899
0.7015448413707573
0.6985744394973299
0.7029417934476496
0.7069434691603749
0.6956344920764594
0.7013490009863148
0.6952015797493635
0.6945795173663497
0.7087852939391117
0.6984853907451253
0.7025760576014338
0.7049494140410183
0.6976843142220807
0.6982849262237705
0.7004734334407299
0.6999275245569866
0.6968226464052515
0.6974587514572529
0.6940109239671601
0.70575361548058
0.699970265479675
0.704425341600502
0.7024506981847557
0.7010294828906388
0.7007659189112333
0.7003041215111202
0.6930606303644496
0.700324288704625
0.6979920512675484
0.6911582190245746
0.6992302984556384
0.6922522352401962
0.7044013751029895
0.7036088369678115
0.7034365234648396
0.7013235772303321
0.6960256346727869
0.7034530001334084
0.6996037495599604
0.6983631848480398
0.7094915985856699
0.6926329479819606
0.6966912483514829
0.7051499807451834
0.7072734568375157
0.7025995492992431
0.6983305020619731
0.7009981468099589
0.6984699377842793
0.6953245824961385
0.6926245444683516
0.6908358717645854
0.7053551318809709
0.7049236086580085
0.6938339226795728
0.6966064545112209
0.6953962213445548
0.7035846819156716
0.7069074550202297
0.6909613484523894
0.700374449398844
0.6931939630441407
0.6973522713297537
0.6930644215409665
0.7040133165813243
0.696847857759274
0.7033723752624282
0.6988290158268755
0.693184675676959
0.6946190099573843
0.6965075091297752
0.6968758887454938
0.6936227673010175
0.7021081698071394
0.7140256293130558
0.7023888889602453
0.6903572811771318
0.6968662424217527
0.6950143902120275
0.7000691014523769
0.7044790992155839
0.7000189673489541
0.6988448112554116
0.6913433471573459
0.6929661178314328
0.7022847687700741
0.6980115415794136
0.6929855705531826
0.6972279986057822
0.6962969126831839
0.7037692921792805
0.7129082638677705
0.7239058643646914
0.71911416754053
0.7030816747324735
0.6968420909478439
0.6938482624411857
0.6924567951722073
0.703414438525628
0.6871222112755879
0.7032557785738984
0.699767288686024
0.7080755805038754
0.6953249530027291
0.7162968259010548
0.71138112148134
0.7022546818658485
0.7068407017122893
0.7036533878912292
0.6946966437495565
0.6945936439632233
0.7002493397734222
0.7026250229609183
0.7053887996878808
0.7039709699348433
0.6954868938378722
0.7071278927097584
0.7025300956895513
0.7007901682751296
0.703120074474955
0.7048591700199844
0.7026026134299533
0.7066090692160559
0.695958526584618
0.7056152319825026
0.6939163800457078
0.7114542071151733
0.7039554799215292
0.7022143453353701
0.7050313670381712
0.702812454755698
0.7071206735873479
0.7124228931880079
0.7075741759275095
0.7028502073621543
0.7118515804244119
0.7227072298429125
0.7047900917145971
0.6998575957219274
0.7059055573452978
0.7033577634091136
0.7106373250620556
0.7109970717182765
0.7047594957441772
0.7051037009224692
0.7181643467660647
0.7028143987655513
0.7029202257268896
0.704477766128481
0.7025447940265023
0.7133148659361959
0.7068807019429428
0.7100216146265474
0.7089317535294676
0.7036168632108835
0.7094595499914249
0.7115768603714386
0.717303390966636
0.707415964316194
0.7062765889447956
0.7066646089262584
0.7064581894812818
0.7063704014040963
0.7087778405640951
0.7056479650836077
0.6984640082820588
0.7092550503292034
0.7030341840526986
0.7235096620825882
0.7105699474227044
0.7062145636329196
0.7063392889514257
0.7028787184119203
0.7059419011318188
0.7022739309562394
0.7147126617150563
0.7043302819489162
0.7126147708499048
0.7090238393476839
0.6912211836419674
0.7040545290966966
0.7059299947214277
0.6991286318526082
0.7085647337031894
0.7049468708995639
0.7147197760485697
0.7000143280239485
0.7073438279873623
0.7091725969931921
0.7098721976668444
0.7101716116558734
0.6990875688376432
0.6961709351519253
0.7169130960009018
0.7039022852582841
0.6957320675203083
0.7018751178626771
0.6986899011395269
0.7139552640941984
0.6993404658532018
0.7045923883309455
0.6949240676766443
0.6988433881826167
0.7023876915907192
0.7030596913922456
0.6913827719075508
0.702344833131026
0.7024011441323772
0.6999207705882701
0.7054509749543597
0.6993454659190848
0.7039912739913414
0.6932352490509542
0.7052054382438867
0.6970756987586989
0.7005533182918462
0.7031910014192314
0.6990836599197454
0.706714354126834
0.6941260473300824
0.6980647381200861
0.69979595708173
0.6973939679394643
0.6934605325106319
0.6974372481524724
0.699737404777603
0.6952864049860364
0.6977664042395401
0.6942058145388691
0.6874850891717982
0.6969945660849897
0.697523396855487
0.6961786600296822
0.693719339528772
0.6927624798581561
0.6861986249758244
0.690613014867744
0.6998767644023461
0.6949487899032437
0.688774037204865
0.6926840617858372
0.6973962844771076
0.698658756592351
0.6870207442811537
0.6961735026285666
0.6853038320577545
0.6937795033152316
0.6903985000749485
0.6950704225137346
0.6865969735257738
0.696582358832792
0.6873292000585918
0.6787118506836979
0.6889239612266739
0.6902721816234901
0.6873499716067564
0.6967835466762213
0.690314064544815
0.6914832811563337
0.6936919870129202
0.6944313452980005
0.6766531550366781
0.6870275540702339
0.68268089520977
0.6837997782722524
0.687635924663133
0.6927826185013771
0.6863960492223854
0.6910769486599144
0.6907143097624743
0.6808834890322855
0.6904385505521862
0.6777270854283614
0.6786123277363837
0.6862980878061099
0.6731015241375845
0.6945775472571856
0.6907542775392959
0.6881291073690365
0.6869849056121367
0.6827644059889871
0.6798069997786301
0.6781837075506456
0.683245389075913
0.6984555443927534
0.6888689983643611
0.6743745183407855
0.6724344654059081
0.6869123618435029
0.6890631795684168
0.6884151126277278
0.6787551711631515
0.6711832035049615
0.6766139101843481
0.667157971922758
0.6765388537070615
0.6891018090202535
0.67819002086429
0.678813510787367
0.6881583814297787
0.6975881967678709
0.6970153425195285
0.6828179193627776
0.674341329414416
0.6859217355108899
0.6802387808745061
0.6815828098415749
0.6759888230250799
0.6790413819012342
0.6790123616642283
0.6783598871123442
0.6816461523391955
0.6707904110812141
0.6764214535419777
0.6764551002017376
0.6785903896979407
0.6852390107205114
0.670841315436212
0.6874313050108536
0.6706827201065123
0.6755739768655953
0.6809499224214449
0.6801245252880249
0.6727688502575876
0.6798340497434623
0.6804235827278029
0.6812770321530671
0.6780757007607084
0.6886412620208172
0.6733508623652495
0.6722397725640283
0.6943497260039668
0.6737504139408373
0.6706738392335486
0.6759044733259909
0.6735918058408983
0.6839125699653867
0.6652031497445349
0.6833882327221149
0.6777829232094653
0.6778904140606218
0.6789204418462303
0.6873757325294859
0.674409862835049
0.6691601345851138
0.6729979071407929
0.6637400872176311
0.6863673194218631
0.6725326623678878
0.6715113053904823
0.6771380382107036
0.6753228695093508
0.6824872627327968
0.6689464573075052
0.6796666467240761
0.6705473688918084
0.6835550239799129
0.6667173139223769
0.6713223774807958
0.667161170824233
0.6730544279301974
0.6666416099365249
0.675463375937239
0.6803749644638044
0.6666182816781248
0.6616367206561781
0.6554550002235096
0.6728125875446371
0.6710047051368393
0.6548736224768221
0.667216548624729
0.6569236968053879
0.6740886372757827
0.671707519404672
0.6840805730437376
0.6802757144993897
0.6650118695294368
0.6630210366209098
0.6755281700212691
0.6668079210551736
0.6679203170140812
0.6661183298392891
0.6568588794694719
0.6650669002611277
0.6622434481513619
0.6601738227914543
0.6674793312079083
0.6704782818318659
0.6720454929171511
0.6622303350917632
0.6677839295463516
0.6648034582485075
0.6689084501954844
0.6650076920157884
0.6641925747266582
0.6679903557613089
0.667607689283256
0.6565694508855504
0.6513272766738502
0.6652693987831012
0.6561066156159371
0.6625934257623753
0.6672817050880971
0.6552537990878317
0.6712959211225906
0.6693628088256864
0.6533117775829416
0.6749171439585513
0.6704001049609023
0.6614179127484915
0.6709095274089649
0.6623250653781946
0.6721207763591184
0.6625629482572335
0.6553200740280538
0.6590702436602963
0.6499287326235655
0.6500246355399855
0.6591065569573822
0.6585446262659257
0.6615635945846325
0.6711092836006447
0.6717319024923218
0.656454602781073
0.6690299087716185
0.6578229362679694
0.6684121361724744
0.6489173347322501
0.648381814255783
0.6588107187561217
0.6598342762129598
0.6483781739881298
0.6507648342179115
0.6628211318190731
0.6679866477393547
0.6518669092413378
0.652513151444674
0.6506424480076278
0.6633492491386765
0.6553737486930659
0.6524640367697644
0.6570459344564245
0.6536238557642489
0.659051170705291
0.6565851949088238
0.6472941376231334
0.6477826931950467
0.6518964767644247
0.6571017927513086
0.6661509464754644
0.6626481429279453
0.6469267690080659
0.6545921912627242
0.6586521349408634
0.6470510894686268
0.6569070313284984
0.6463141021380141
0.6411321573963881
0.6374602732448088
0.6538132264864027
0.6540943056903802
0.6542564718436054
0.650267668822442
0.6527426121601342
0.6549074587390502
0.6538042289237661
0.6554018833465587
0.6415994505929488
0.6335417955978125
0.6546636814058758
0.6394705095571355
0.6401675472887416
0.6526072966833191
0.6363523752100281
0.6410369900124041
0.6574800222144651
0.6506508738307415
0.646755380668498
0.6507215704442935
0.6381455542259009
0.6371265962812174
0.6429953998384055
0.6492549540907864
0.64090520355105
0.6399727374668969
0.6472268714292403
0.6414283704046981
0.6393852771403723
0.6614614308668822
0.6331483194184068
0.6349631329538794
0.649594293267902
0.6328182525722322
0.6404058879109719
0.6330389568193472
0.6303122302033487
0.6324624836615602
0.6347797202146238
0.6357693294487483
0.6349130990940509
0.6475411245104554
0.6388458251760948
0.6329985385041889
0.6275323592310659
0.6310446306250499
0.6256682333291186
0.6245685115790638
0.6418682964264883
0.6396298803319038
0.6295243636273842
0.6484544567000525
0.6381410714399126
0.6264241672101041
0.6354400489304648
0.6412580641456121
0.641792560235849
0.6211734182426608
0.6316980652068412
0.6341833533999617
0.63813904678459
0.630060599837717
0.6206492933878082
0.6337231903476773
0.6466676487549178
0.6366172970703993
0.631696013350999
0.637412499835771
0.6367924538728534
0.644477497930757
0.6241052906928172
0.6320098813686809
0.6343846832000349
0.637045189104568
0.629509830069717
0.6552817759165214
0.62110694497653
0.6460995289910665
0.6420702139525305
0.6200356475938597
0.6348022643687147
0.6333268274184519
0.6192194483591905
0.6322198424636123
0.629844534196585
0.6415756098903603
0.6384691958968114
0.6406733700482861
0.63670859481264
0.6264703062930744
0.608401871082602
0.6290572541437558
0.6273919634178079
0.6167249978642566
0.6283172202913694
0.6301244349277806
0.6261966409840266
0.6234432219629964
0.6298153983214844
0.6182224708609968
0.6315629211444994
0.6336991270275281
0.6269464303478699
0.619372399503194
0.6227882140293379
0.6092537367577234
0.6229508901347551
0.604660740193199
0.6358527652139222
0.6282056799645419
0.6188307910161642
0.638244501229586
0.6278054064263533
0.628435805876467
0.6184516405127816
0.631014110388128
0.6235701600877791
0.6285327800924484
0.6191343360136403
0.6220634775261007
0.6222428818469318
0.6155059110948993
0.6317045240368042
0.631752658866738
0.6126137373311433
0.6148758891412951
0.6231101888576951
0.6179747402662042
0.6257657541316584
0.6148189392308171
0.6185035740793785
0.6140789704590096
0.6455966412713635
0.6213615782889906
0.6220153084377309
0.6183250210229783
0.6198801171655043
0.6245218641300373
0.6136212435979759
0.6274949087566603
0.6226991009697698
0.6137797346705726
0.6304223322432031
0.619200452794131
0.6121613442726968
0.611232924014416
0.6069740692564644
0.6167128279496192
0.5925700792257296
0.6078678793296064
0.6234291673284681
0.6259697206583402
0.6264362999886322
0.6085476916712089
0.6189232378667865
0.6187081774997886
0.6074274490488686
0.6147371349589935
0.5941903183897074
0.6206834933946996
0.6078048107041545
0.6254536827115277
0.6108756173115135
0.6150272701187559
0.5999978443070785
0.6277670156440401
0.6030041605065837
0.6216436679743673
0.6142788206974411
0.6237534559177162
0.6211317677774594
0.6074642835131814
0.5921391078400652
0.6308588427938885
0.601231544323316
0.61029748505245
0.6142246591388163
0.6244392964952249
0.6161794525686465
0.6245661537175186
0.60976630626637
0.623373632325436
0.6116699650765917
0.6010749780052113
0.608547212887455
0.6014022684069712
0.6023825269836649
0.6144655633803204
0.6052126193132876
0.6098110381336604
0.6087710052120039
0.6118735556035555
0.6007783953645722
0.5980693629023617
0.6224718838978065
0.6054656208484784
0.6128270549010435
0.6244152510599064
0.5975133885386738
0.6243591760086621
0.6100736346779598
0.6138075724253568
0.5964493263057467
0.6056080798309307
0.5990067633718323
0.6215036214354444
0.5880593286022042
0.6245160275815509
0.5890353681755428
0.6012033036515405
0.6032897703249323
0.6360586330636923
0.6036627298115794
0.5909686336463338
0.608652133276349
0.6026558773886692
0.5846315389798936
0.6087054910859985
0.6254046855361712
0.6148437329986679
0.6071192357636035
0.6205803164907208
0.6167980903908974
0.6045615062474209
0.6027376373714964
0.6282678732395568
0.6098576570353564
0.5891703151832638
0.6192821496072229
0.6279945636201811
0.6052271138943955
0.6222301860411271
0.6417255143179788
0.5771957789124147
0.5740724117779783
0.6295064704022748
0.6288463727735923
0.6074991331964621
0.6183585334082933
0.6195547275455127
0.5854990965654316
0.6240961005990122
0.6082998179731612
0.6259964386525505
0.6079933808572359
0.6059288774796046
0.6223797836531648
0.6212677956653074
0.6086483702177301
0.6019036423178522
0.6121945935387549
0.6252038672371387
0.59664047724239
0.637145685256781
0.6280155473111863
0.6348675052369376
0.6066648131161684
0.6107244156568555
0.61654638861167
0.6238197119354462
0.6040963146352427
0.6476349671304121
0.6172143194075502
0.6184599814452134
0.5932879910524796
0.5898761475517214
0.6495401092607513
0.658661254323344
0.5943731630113273
0.616196235905539
0.6103533245704942
0.6385174586661847
0.6187726426489766
0.6229717177422825
0.6126191217037503
0.638553138099682
0.6258913076114753
0.6276435953732022
0.6552164973686123
0.6096770123691259
0.6211224428703341
0.6577060387606553
0.6329894357704965
0.6430185987420649
0.6188541055915031
0.6661590113215098
0.6275266941404004
0.6350814362109333
0.6318838837218042
0.6436866463218156
0.6131383734426358
0.6155956488283354
0.6139350867070529
0.6017798844572908
0.6253646554956053
0.6381160858314806
0.6020850474280091
0.6653057183109216
0.6032191802318395
0.6260195168272902
0.6526312072818078
0.6463288098418017
0.6421653327586171
0.6333915323098498
0.6612548594653581
0.6445004975175329
0.6492708590766303
0.6448933786764325
0.6895487528270937
0.6357001568456472
0.6629484644686168
0.6086650859182597
0.6692159465955224
0.6502418633533231
0.6751632151101039
0.6809597761202121
0.5978131548590779
0.6379761596763294
0.6674499349265359
0.6192078744245328
0.6739093292484063
0.6549908776864114
0.7067924827020399
0.6765229676184502
0.6895184488059813
0.6756471070865794
0.6196331128445213
0.6696654775856343
0.6417191643783597
0.6448943053388175
0.7295418858186562
0.718310496008169
0.701782565667893
0.6909353702952628
0.6878215009582579
0.7041992715500662
0.7266017653714568
0.6145668864510814
0.6439438054793224
0.6949499259682166
0.7121242393307546
0.7389266906874089
0.7262047072229557
0.7462362077844555
0.6979800807245221
0.7243230052368952
0.7610268305300054
0.7216115691714884
0.7202195927723389
0.7602820904015751
0.7493273731522303
0.8082395237360306
0.7184294113692767
0.7163532394487939
0.7265461031904072
0.7652915647704638
0.7839760182228
0.6887581208826237
0.7151019424856049
0.786176196929004
0.8266291207727098
0.8314669387757702
0.7969592153742325
0.730899264125039
0.6974862343201527
0.7626780708840077
0.7677107995242253
0.8115567188469894
0.7440937767987489
0.924164434851848
0.7855999148953847
0.7550684361424501
0.8042206335594239
0.8424063760395332
0.9431697875072486
0.8650221186080607
0.8057445117640275
0.8099543411151018
0.8244592336040082
0.8698453306268444
0.8045988566115169
0.9262044061342896
0.7359029206813891
0.95575460257213
0.8336968098742251
0.8476859504363091
0.8725597600608573
0.755041708624945
0.7923074815791473
1.1072165200499378
1.051540368363944
0.8602960555112552
1.2296637326011934
0.946810294238749
1.141428774719559
1.0051337330345589
1.0513852287087309
1.1669751912421695
1.0930978138522796
0.9952184521475224
1.0535966784314168
1.1524352452542082
1.0884206351280334
1.0355567919627346
1.1211440030399167
1.1625278317866639
1.0641287299292135
1.3572225792349586
1.1222695713484663
1.1314484364118305
1.0028029135746612
1.0698812210873017
1.025496385976443
1.3129444607945238
1.3007521071719654
1.8169984060185749
1.7885627542176392
1.369107826215606
1.9811263233882874
1.7838525524780589
1.423947666558017
1.4792899521722263
1.4195051567336012
1.402329627874386
2.7452979045169297
2.4342836902702767
1.7713191232697987
1.9377327625300729
1.0425559509533349
1.2545949331930648
0.7501225259704958
1.0355228917880472
1.152592756633599
1.0265554024047836
1.33463152449436
1.4018926600760921
0.7732702959428425
0.8422061025205309
0.7566664130360456
0.8948884780202184
1.1226953678366454
2.1983428345394596
0.8334928494927181
0.776424429435122
0.816647058090432
0.56326308562839
0.5662250269960979
0.6262290267320159
0.5901559024915504
0.630119002977398
0.5735197624394045
0.6888895830205222
0.5486250029810104
0.7550297224732754
0.5706054775562774
0.5526287716849131
0.38971458644227663
0.38986894334461625
0.3995455384972104
0.38301155720295843
0.43629419871627095
0.41433979992557524
0.19430360496783486
0.25003311453519633
0.5631419210115289
0.3160719978590432
0.31823065984306637
0.2813889923896676
0.5632579100572846
0.23155434797334884
0.2553034106482257
0.14472632877986608
0.23377110753718797
0.2137788589279903
0.18351803470302058
0.11752879955323052
0.12276639428074254
0.12992292904974562
0.05391902191171007
0.07487247951368198
0.11234960522997553
0.0399609605915472
0.06632494804702814
-0.042602754390432755
0.1444655569565037
0.07463361447967524
-0.02125845435239874
-0.10355999018770438
-0.04059097729832059
0.0268070875699892
0.01036446652284838
-0.008734223597793743
0.12728249180878523
-0.12286338577015965
-0.13953616483337045
-0.10652205626614722
-0.07566888599647065
-0.12217721819591648
-0.12681113098900026
-0.07190424467723806
-0.15039895579459375
-0.18723208514400286
-0.19644156328425577
-0.297938922048234
-0.14498664437569037
-0.10341642151092009
-0.193868948961428
-0.2751782023633054
-0.14643184108946916
-0.1632332468769527
-0.23347871230543152
-0.22126930423794397
-0.2529633765872324
-0.23154912591774462
-0.17597582306265125
-0.24869769731866612
-0.28365457304600605
-0.2431737703990282
-0.19436142952983196
-0.06957491728412374
-0.27999756197724107
-0.2726191342702334
-0.2854105380073438
