402.2682890325588, 2.2325929687166575
402.4817868663435, 2.113741356421385
402.695273175478, 2.087335769451514
402.90874795608914, 2.111010123639047
403.122211204304, 1.9184888670658526
403.33566291624936, 1.6596699136229756
403.5491030880522, 1.6582429098131195
403.7625317158395, 1.4297185205829868
403.9759487957381, 1.3776191440771623
404.18935432387497, 1.4619885332978604
404.40274829637707, 1.541798455302443
404.6161307093713, 1.582603952963833
404.82950155898453, 1.6489428754883186
405.0428608413438, 1.9596039884845042
405.256208552576, 1.955355444315213
405.469544688808, 2.0847903287093
405.6828692461667, 2.0588613426269466
405.8961822207793, 2.0166746901891948
406.10948360877234, 1.6929237054951078
406.322773406273, 1.7314222868126836
406.53605160940816, 1.4937168014776314
406.7493182143046, 1.4885384789874831
406.9625732170895, 1.545664527864275
407.17581661388965, 1.7197769013265476
407.38904840083194, 1.6390758918470425
407.6022685740435, 1.7711563984515348
407.81547712965096, 1.797752144398467
408.0286740637814, 1.7739968185844872
408.24185937256175, 1.7248371481323954
408.455033052119, 1.7266395526986442
408.66819509858, 1.705587150388199
408.8813455080716, 1.6734111158963865
409.0944842767209, 1.7044277245606032
409.3076114006547, 1.591188562838237
409.520726876, 1.5749938191874735
409.7338306988837, 1.4891818786614417
409.94692286543267, 1.7636618245989784
410.160003371774, 1.7192390714431007
410.3730722140344, 1.782539370930135
410.586129388341, 1.7714267252661613
410.7991748908206, 1.8959823309271644
411.0122087176001, 1.8975732815587913
411.22523086480663, 2.0030825690834133
411.4382413285669, 1.9863849222143584
411.65124010500796, 2.0219456856519957
411.86422719025677, 1.9965292409335071
412.07720258044003, 1.7467344829309597
412.2901662716849, 1.6282011489951342
412.50311826011824, 1.7434451651843685
412.71605854186697, 1.7273883381413477
412.92898711305804, 1.644276270118947
413.1419039698183, 1.5924129527020314
413.35480910827476, 1.688506320081848
413.56770252455436, 1.5754191476730086
413.78058421478397, 1.597187104121529
413.99345417509056, 1.5679696691610334
414.206312401601, 1.6160603868654881
414.4191588904423, 1.4984344021624287
414.63199363774123, 1.553340734751765
414.8448166396249, 1.6004826850064267
415.0576278922203, 1.6207482688343544
415.27042739165404, 1.7577736146852685
415.48321513405335, 1.822485401394466
415.695991115545, 1.8689112785186925
415.90875533225596, 1.8184560721074479
416.1215077803132, 1.8713898387884738
416.3342484558435, 1.7676834166623747
416.546977354974, 1.6974088969027108
416.7596944738315, 1.561003673308884
416.97239980854295, 1.600721197216533
417.1850933552353, 1.55099815364193
417.3977751100355, 1.5332693153206443
417.61044506907035, 1.5657825189224468
417.8231032284668, 1.5399459762790015
418.035749584352, 1.5251135594679062
418.24838413285266, 1.525500330852771
418.46100687009573, 1.4570447892263259
418.6736177922082, 1.4989405312206168
418.8862168953169, 1.5868730325287541
419.098804175549, 1.6322839164031762
419.3113796290312, 1.6747489742187416
419.52394325189044, 1.6859981139763878
419.73649504025366, 1.7501349228428065
419.9490349902479, 1.8930039515175885
420.161563098, 1.8486568955243263
420.3740793596369, 1.8509481639775809
420.5865837712855, 1.8652212962136452
420.79907632907276, 1.7821825318046502
421.01155702912564, 1.629005006675564
421.22402586757096, 1.6257147690135785
421.4364828405358, 1.5694530010827892
421.648927944147, 1.5866001621149013
421.8613611745314, 1.5637219158018285
422.07378252781615, 1.5711234303749386
422.286192000128, 1.560832379661205
422.4985895875939, 1.609942626456957
422.7109752863409, 1.6033810425176707
422.92334909249576, 1.572234160279005
423.1357110021855, 1.540659660239731
423.34806101153697, 1.5048859104243468
423.5603991166773, 1.5141058859028163
423.77272531373313, 1.5179861412534443
423.9850395988316, 1.541692158481942
424.1973419680996, 1.4800730486895048
424.409632417664, 1.4848951921184095
424.62191094365176, 1.4305828273461265
424.8341775421898, 1.4591992549035497
425.0464322094051, 1.5005069660426464
425.25867494142454, 1.5238779064627586
425.470905734375, 1.5628080498890355
425.68312458438345, 1.5756649044213866
425.8953314875769, 1.5564995539701292
426.10752644008215, 1.511261952581907
426.3197094380262, 1.5624308900936668
426.531880477536, 1.528407391102869
426.7440395547384, 1.5259118416455049
426.95618666576036, 1.5205422221002571
427.16832180672884, 1.5343521615736289
427.38044497377075, 1.511871493016558
427.59255616301294, 1.538531408714761
427.8046553705825, 1.5331710914558923
428.01674259260625, 1.529958023710742
428.22881782521114, 1.5170897748043495
428.44088106452404, 1.5172758935142745
428.65293230667197, 1.45746127246445
428.86497154778186, 1.4706029693209608
429.07699878398057, 1.5031494557191603
429.289014011395, 1.5178383010603618
429.50101722615216, 1.5023761214082176
429.7130084243789, 1.5433189191995933
429.92498760220235, 1.5774837526823327
430.13695475574923, 1.5270043922086867
430.3489098811464, 1.5362606366983165
430.56085297452114, 1.5706964731012873
430.77278403199995, 1.6024216423073505
430.9847030497101, 1.5803351725442862
431.1966100237783, 1.663068183079468
431.4085049503315, 1.677264302372169
431.62038782549683, 1.6466374368996817
431.83225864540094, 1.60896454223181
432.044117406171, 1.6186236201769844
432.25596410393376, 1.5643975428321792
432.4677987348162, 1.5405630691929746
432.6796212949454, 1.5663897923575627
432.89143178044793, 1.534169966570041
433.1032301874511, 1.535887310268034
433.3150165120816, 1.497374033577434
433.52679075046655, 1.5867867326804659
433.7385528987326, 1.5634255214048027
433.950302953007, 1.5576182155629268
434.1620409094164, 1.5268985219567084
434.3737667640879, 1.5232134655796457
434.58548051314835, 1.4080156250580138
434.79718215272476, 1.424414677265002
435.008871678944, 1.4487518431070159
435.22054908793297, 1.4601332545362786
435.4322143758186, 1.5028264674987732
435.6438675387279, 1.5129506936742465
435.8555085727877, 1.4972050319884909
436.06713747412493, 1.5227928130701245
436.27875423886667, 1.5256504559041222
436.4903588631397, 1.483681438132804
436.70195134307096, 1.4846041638167236
436.9135316747874, 1.4827862347658565
437.1250998544159, 1.4854505451850892
437.3366558780836, 1.4703269932287992
437.54819974191713, 1.544883557075759
437.75973144204363, 1.556144782319837
437.97125097458996, 1.5613004054764827
438.18275833568293, 1.5410103773637753
438.39425352144974, 1.5498589676933083
438.605736528017, 1.5158244531340341
438.8172073515119, 1.516702424188431
439.0286659880613, 1.517035397580051
439.240112433792, 1.5171677028641324
439.45154668483104, 1.5000515403818218
439.66296873730533, 1.4864587966440181
439.87437858734177, 1.4751808793669245
440.0857762310674, 1.4758951457029295
440.29716166460895, 1.4838382440720665
440.50853488409354, 1.5043141778115037
440.71989588564804, 1.5036694384795473
440.9312446653993, 1.5194655531176067
441.14258121947427, 1.520418468286562
441.35390554399993, 1.5366960217634165
441.5652176351033, 1.5411913776888355
441.7765174889111, 1.5471573098661953
441.98780510155035, 1.5308526462544112
442.19908046914804, 1.5202243704955993
442.410343587831, 1.4897636625612294
442.6215944537262, 1.4890530536891182
442.83283306296056, 1.5068409563512066
443.04405941166107, 1.5333966312986664
443.2552734959545, 1.5430637118429191
443.46647531196794, 1.5488959594996299
443.6776648558283, 1.5394371591338947
443.88884212366247, 1.5085563327138618
444.1000071115974, 1.499983506278704
444.3111598157598, 1.496032381006553
444.522300232277, 1.495420803933626
444.7334283572756, 1.4914610148429375
444.94454418688275, 1.5018735548630093
445.15564771722524, 1.4967544220794737
445.3667389444299, 1.4888984090539652
445.57781786462397, 1.5058431542792032
445.7888844739341, 1.5026313463198895
445.99993876848737, 1.5064830840290302
446.2109807444107, 1.4982495419611175
446.4220103978309, 1.527915150287685
446.633027724875, 1.5136856530675278
446.84403272166986, 1.5332026803334333
447.05502538434246, 1.524493751836586
447.2660057090198, 1.532510613207048
447.4769736918286, 1.522491735766871
447.687929328896, 1.542752648231486
447.8988726163488, 1.5426190486308153
448.1098035503139, 1.5357728096162708
448.32072212691844, 1.554553133489113
448.53162834228914, 1.5582173596802376
448.742522192553, 1.5137969613051518
448.9534036738369, 1.4971755662134167
449.16427278226786, 1.504245693615081
449.37512951397275, 1.510087089714912
449.5859738650785, 1.5063479237898891
449.796805831712, 1.5211427625856664
450.00762541000023, 1.5190680795445488
450.21843259607016, 1.5250710201486506
450.42922738604864, 1.4979749032243903
450.6400097760626, 1.52887525565503
450.850779762239, 1.5359959439660227
451.0615373407047, 1.5440460073189461
451.2722825075868, 1.538681178044147
451.4830152590121, 1.5462890860914078
451.6937355911075, 1.5054484570767481
451.9044435, 1.5027928460705444
452.1151389818165, 1.4889637341359026
452.32582203268385, 1.4977612440710357
452.5364926487292, 1.5034404687117644
452.74715082607923, 1.5065872866884438
452.95779656086097, 1.5106430052884146
453.16842984920135, 1.5190501875508367
453.37905068722733, 1.5108818856104544
453.58965907106585, 1.5061970455159677
453.80025499684376, 1.4902171864181304
454.010838460688, 1.4854415184030225
454.22140945872553, 1.4942406448605807
454.4319679870832, 1.4875017050678576
454.64251404188815, 1.5020366339486317
454.85304761926704, 1.5180177791203802
455.063568715347, 1.5140773540328012
455.2740773262548, 1.5162865846017655
455.48457344811754, 1.533212284075972
455.695057077062, 1.535028433506505
455.90552820921516, 1.5414674456320845
456.11598684070395, 1.551362711113162
456.32643296765536, 1.5472223899218962
456.5368665861962, 1.5490959541273126
456.7472876924535, 1.5212810321917558
456.9576962825541, 1.5231110931274037
457.16809235262497, 1.5280845475333378
457.37847589879306, 1.5374557827075692
457.58884691718526, 1.5342630877371848
457.79920540392857, 1.5270628925150218
458.0095513551498, 1.5302000395553166
458.219884766976, 1.5172411381401472
458.4302056355339, 1.5038026662132857
458.6405139569507, 1.503570447796486
458.85080972735324, 1.5289241016389477
459.06109294286836, 1.5184815733171058
459.271363599623, 1.5368365757187317
459.48162169374405, 1.5468043955457702
459.6918672213586, 1.54009811008456
459.9021001785935, 1.5392602053460944
460.11232056157564, 1.5386169790490043
460.322528366432, 1.5289400376417785
460.5327235892894, 1.531269654490567
460.74290622627495, 1.5448381563160483
460.95307627351536, 1.5408918844489943
461.16323372713777, 1.544869169408532
461.37337858326896, 1.548954351734555
461.5835108380359, 1.5500841150813152
461.79363048756557, 1.530717645384789
462.00373752798487, 1.5322828847240992
462.2138319554207, 1.5348986091685302
462.423913766, 1.5553170709265516
462.63398295584966, 1.5509889004949624
462.84403952109665, 1.549688592197318
463.054083457868, 1.5572996616061607
463.26411476229043, 1.5581380472293092
463.474133430491, 1.5347482236760772
463.6841394585966, 1.5342990561819911
463.8941328427341, 1.5592559339598433
464.10411357903064, 1.5672677719185177
464.3140816636129, 1.5612689406215305
464.52403709260795, 1.567109582280217
464.73397986214263, 1.569300948973195
464.94390996834403, 1.5734970967628705
465.15382740733895, 1.5641436748720698
465.3637321752543, 1.5832456412622724
465.573624268217, 1.5677979484948794
465.78350368235397, 1.5509200432229517
465.9933704137923, 1.5496153558296988
466.2032244586588, 1.5461309714398488
466.41306581308044, 1.52707916164142
466.622894473184, 1.5524176411925668
466.8327104350965, 1.5588286014908475
467.042513694945, 1.5424779528603614
467.25230424885626, 1.5316387098900364
467.4620820929573, 1.5388792355092935
467.671847223375, 1.5177799081980174
467.8815996362362, 1.531435002796148
468.0913393276681, 1.5443932197679284
468.30106629379736, 1.5608477521507065
468.51078053075105, 1.566131064204581
468.720482034656, 1.5779346101220417
468.93017080163924, 1.5896480168490223
469.13984682782757, 1.588765833327142
469.34951010934805, 1.5845962187517162
469.5591606423276, 1.5826099807616911
469.768798422893, 1.5758937190411513
469.97842344717134, 1.557788154983071
470.18803571128944, 1.5586585168568463
470.3976352113743, 1.5680766632495726
470.6072219435529, 1.568516620819422
470.81679590395197, 1.5877110934657495
471.02635708869866, 1.5893377578460106
471.2359054939197, 1.5685214248020494
471.4454411157422, 1.5692550612688718
471.654963950293, 1.5548731960801148
471.864473993699, 1.5552171240487604
472.07397124208705, 1.5443349488745761
472.2834556915844, 1.5624953484033763
472.49292733831766, 1.546251800958823
472.7023861784139, 1.5511987641639964
472.91183220799996, 1.5714602458531985
473.12126542320283, 1.580240386242952
473.3306858201495, 1.5773757265865913
473.54009339496673, 1.585469408061145
473.74948814378166, 1.5714963782723865
473.95887006272096, 1.5528708404834775
474.1682391479117, 1.5563255523871196
474.3775953954809, 1.5593900182529092
474.58693880155545, 1.54338461298381
474.7962693622622, 1.5753473526907535
475.005587073728, 1.5648790304625324
475.21489193207987, 1.5701714752653126
475.4241839334448, 1.5824003897056387
475.6334630739497, 1.5925221321311307
475.8427293497215, 1.585174063806537
476.05198275688696, 1.5767158767185143
476.26122329157323, 1.5870206124994886
476.4704509499071, 1.5623137961203832
476.6796657280156, 1.5635041239128529
476.8888676220256, 1.5569475999645026
477.09805662806394, 1.5615810531904195
477.3072327422578, 1.5442863586915587
477.51639596073375, 1.5384274646564742
477.72554627961904, 1.5468156356576626
477.9346836950405, 1.5583108804809283
478.14380820312493, 1.5675493190287062
478.3529197999995, 1.5662001359187827
478.56201848179086, 1.575568144226807
478.77110424462614, 1.5789812287796254
478.9801770846322, 1.5746264630236158
479.18923699793595, 1.570602228968611
479.39828398066436, 1.573958056708157
479.60731802894435, 1.5710213655022518
479.81633913890283, 1.5731356851327598
480.0253473066668, 1.5742015523891422
480.23434252836296, 1.564429496174467
480.44332480011855, 1.5608925849282207
480.6522941180602, 1.5739276195030243
480.8612504783151, 1.5718985128166678
481.07019387701007, 1.5750797131464114
481.279124310272, 1.5727529737493744
481.48804177422784, 1.5691448413167755
481.6969462650045, 1.5677342460514303
481.905837778729, 1.565423124223181
482.11471631152824, 1.5629650181872592
482.32358185952904, 1.5699125965144267
482.5324344188584, 1.5947605616788998
482.7412739856432, 1.5831270632288172
482.95010055601045, 1.5821850678193496
483.1589141260871, 1.5665450602424822
483.36771469200005, 1.5556084034980895
483.5765022498761, 1.5576098804478136
483.7852767958422, 1.5650150682806026
483.99403832602553, 1.5599507789748965
484.20278683655283, 1.568777087840381
484.41152232355097, 1.5824623245691913
484.62024478314703, 1.5567944079137792
484.82895421146776, 1.5570966323492872
485.03765060464025, 1.5436072511378869
485.24633395879135, 1.5427569809452861
485.45500427004805, 1.5451612661936693
485.6636615345371, 1.559581556612765
485.8723057483856, 1.5495370909475945
486.08093690772046, 1.5603929464321542
486.2895550086687, 1.5679659817530345
486.498160047357, 1.5549736559904759
486.70675201991247, 1.5428657049794428
486.9153309224619, 1.5723920340224422
487.12389675113235, 1.571748269000512
487.33244950205074, 1.5838183677947715
487.540989171344, 1.5867856614319333
487.749515755139, 1.5800900080020077
487.95802924956257, 1.5529718572719116
488.16652965074184, 1.5593385699292255
488.3750169548037, 1.5489118038780787
488.583491157875, 1.546163938544073
488.79195225608265, 1.5420702046126797
489.00040024555364, 1.5496118323633583
489.20883512241494, 1.535938459718678
489.4172568827934, 1.5190188817766537
489.625665522816, 1.5201682934526826
489.8340610386096, 1.5313945016346802
490.04244342630113, 1.5194023134228312
490.2508126820176, 1.5423991922586262
490.45916880188594, 1.5549635617454611
490.667511782033, 1.5582848869011352
490.8758416185857, 1.5556590789977132
491.08415830767103, 1.5652953897444704
491.2924618454159, 1.5447547447750507
491.50075222794726, 1.5388362562247493
491.709029451392, 1.5377526019239958
491.917293511877, 1.5315355749653665
492.12554440552924, 1.5281495499520472
492.3337821284758, 1.5228851701839274
492.5420066768434, 1.5167907014896713
492.750218046759, 1.5042993844333434
492.95841623434956, 1.5001030128014072
493.16660123574195, 1.50298496126906
493.37477304706323, 1.5064783696672068
493.5829316644403, 1.5201679190534638
493.791077084, 1.527106405002288
493.99920930186926, 1.5310293429010229
494.207328314175, 1.5159474506466502
494.4154341170443, 1.5091320233338124
494.623526706604, 1.4949952671597577
494.831606078981, 1.4767425101970453
495.0396722303022, 1.48866700571279
495.2477251566945, 1.5015064796326456
495.455764854285, 1.5112420911475917
495.6637913192006, 1.5093073686333183
495.871804547568, 1.5209597034585496
496.0798045355143, 1.4929825829412695
496.2877912791664, 1.4761348460587502
496.4957647746513, 1.4536525247358674
496.7037250180959, 1.4391487453786393
496.911672005627, 1.4344282327013635
497.1196057333716, 1.435919221725182
497.3275261974567, 1.4347156382482311
497.5354333940092, 1.4491750605271374
497.743327319156, 1.4530692834470185
497.951207969024, 1.459833050072501
498.1590753397401, 1.4608756674998367
498.36692942743133, 1.4549766985447057
498.5747702282246, 1.4507279756959761
498.78259773824686, 1.435436048906722
498.990411953625, 1.4191252102325782
499.19821287048586, 1.4220185752890915
499.4060004849565, 1.4160463618672727
499.6137747931637, 1.4125709840349865
499.82153579123457, 1.4215015665713033
500.029283475296, 1.4264152726674
500.23701784147477, 1.4128923341096926
500.44473888589795, 1.4186616892183914
500.65244660469244, 1.4204180236746131
500.86014099398517, 1.4185817585080542
501.067822049903, 1.4185066112700502
501.2754897685729, 1.4227760595628518
501.4831441461219, 1.4125488904972179
501.69078517867666, 1.3987154327689477
501.8984128623644, 1.4017221966912357
502.106027193312, 1.3958175593295745
502.3136281676462, 1.3872633437603363
502.5212157814941, 1.395160247531598
502.72879003098257, 1.3929060048115625
502.93635091223854, 1.3825681644931587
503.143898421389, 1.377564064396156
503.35143255456074, 1.3827805820676218
503.5589533078808, 1.373576780917883
503.76646067747606, 1.3817740409576154
503.9739546594735, 1.381844606258272
504.18143525, 1.3858751205398647
504.38890244518245, 1.381590887187395
504.5963562411479, 1.3754703173385305
504.8037966340231, 1.3639696777501469
505.0112236199352, 1.353886943098686
505.218637195011, 1.34138070970008
505.42603735537745, 1.34137645041056
505.63342409716137, 1.342823380414434
505.8407974164898, 1.3377690808205358
506.04815730948974, 1.3374099889172257
506.25550377228797, 1.3430353190204478
506.4628368010116, 1.338317643984436
506.67015639178726, 1.3386070161519643
506.8774625407421, 1.333143491112879
507.084755244003, 1.333498626667319
507.292034497697, 1.3213960632698365
507.49930029795087, 1.3110722652711366
507.7065526408916, 1.3149705043035953
507.91379152264597, 1.3167739022874416
508.12101693934113, 1.3151073182506745
508.328228887104, 1.315801372491624
508.5354273620614, 1.3178365249550381
508.7426123603403, 1.3002247109936649
508.9497838780675, 1.2958741970924608
509.1569419113701, 1.2922089081232915
509.364086456375, 1.2882055502352119
509.5712175092091, 1.2851782004521897
509.77833506599933, 1.2817531254463344
509.98543912287255, 1.279178466719235
510.1925296759558, 1.2762016418737425
510.399606721376, 1.27545912413534
510.60667025526004, 1.2728923803358372
510.8137202737348, 1.2764963256133257
511.0207567729272, 1.27333731653398
511.2277797489643, 1.2674641753803055
511.43478919797303, 1.2638113922012422
511.64178511608014, 1.2619334573992642
511.8487674994127, 1.254610224398649
512.0557363440976, 1.250047926850452
512.2626916462617, 1.2518323324237406
512.4696334020321, 1.2468553506364328
512.6765616075354, 1.239774777469256
512.883476258899, 1.2437981268427885
513.0903773522493, 1.2434681830629335
513.2972648837138, 1.2423910026171667
513.5041388494191, 1.238835743203244
513.7109992454921, 1.2360551895768683
513.9178460680597, 1.228352938839784
514.1246793132489, 1.2268963262415928
514.3314989771867, 1.2233179965944712
514.538305056, 1.2226372978837887
514.7450975458157, 1.2233079784487348
514.9518764427606, 1.2275290206135678
515.158641742962, 1.2205763446987508
515.3653934425464, 1.2131817921275658
515.572131537641, 1.2033831399978732
515.7788560243725, 1.1949495355607223
515.9855668988682, 1.1844475862646544
516.1922641572546, 1.1909563743674236
516.3989477956588, 1.1855199145944382
516.6056178102081, 1.1867606744092125
516.8122741970287, 1.1863451963339795
517.0189169522481, 1.1869520961954056
517.2255460719929, 1.1810328722985766
517.4321615523902, 1.1808770830671118
517.638763389567, 1.1773060266458089
517.84535157965, 1.1740380722121542
518.0519261187663, 1.1668430672508618
518.2584870030428, 1.1605076917414674
518.4650342286063, 1.1586593503807467
518.6715677915839, 1.1545595171144467
518.8780876881026, 1.1563246269264076
519.084593914289, 1.1563550236954019
519.2910864662701, 1.1571961441876897
519.4975653401733, 1.155944196873948
519.704030532125, 1.1593426582636623
519.9104820382522, 1.1514731081933518
520.1169198546821, 1.146914291468865
520.3233439775413, 1.1383544934652505
520.529754402957, 1.1342049814998134
520.7361511270559, 1.1276803659699017
520.9425341459652, 1.1248483834943972
521.1489034558116, 1.1250622693901957
521.355259052722, 1.1225739084071713
521.5616009328235, 1.1189209351626148
521.767929092243, 1.1161655566482942
521.9742435271073, 1.1161256610331005
522.1805442335434, 1.1131542465019315
522.3868312076783, 1.1079584308292985
522.5931044456389, 1.1042897167978847
522.799363943552, 1.1001852395510505
523.0056096975446, 1.093912836876821
523.2118417037437, 1.0945719041853672
523.4180599582762, 1.0962280617461304
523.624264457269, 1.095980715683418
523.830455196849, 1.0989578216522027
524.0366321731432, 1.1025933281382847
524.2427953822785, 1.0915192596091448
524.4489448203817, 1.0899042866222677
524.6550804835798, 1.0891351833746723
524.861202368, 1.0839648353913842
525.0673104697689, 1.0768799490642698
525.2734047850136, 1.0748552093739188
525.4794853098607, 1.0732048119797404
525.6855520404375, 1.0695178290293825
525.8916049728709, 1.0667594036895762
526.0976441032878, 1.0661226627273404
526.3036694278151, 1.0676768057228458
526.5096809425794, 1.0634460346189738
526.7156786437081, 1.0604316176008384
526.921662527328, 1.0576232825134537
527.1276325895659, 1.0580786685718915
527.3335888265489, 1.0577183737826306
527.5395312344036, 1.056422566488326
527.7454598092575, 1.0563354075831628
527.9513745472369, 1.0542531554938508
528.1572754444693, 1.0489310772326026
528.3631624970811, 1.0451271087197427
528.5690357011996, 1.0406839976215763
528.7748950529516, 1.0355076766535174
528.980740548464, 1.0338728179105245
529.1865721838637, 1.0291447747534705
529.3923899552778, 1.0272643455459316
529.598193858833, 1.027542010094249
529.8039838906565, 1.0285463679032292
530.0097600468749, 1.0262836580777535
530.2155223236155, 1.0278244757362167
530.421270717005, 1.0262532127916655
530.6270052231702, 1.027891371913712
530.8327258382382, 1.0268609874051717
531.0384325583359, 1.025433855000494
531.2441253795904, 1.0274651564206336
531.4498042981284, 1.029992260070686
531.6554693100768, 1.023394153490497
531.8611204115628, 1.0184179289553577
532.0667575987129, 1.0171090776214704
532.2723808676545, 1.0109496993280278
532.4779902145143, 1.0030376747507717
532.683585635419, 1.0001568844879116
532.8891671264961, 0.9988278390047578
533.094734683872, 0.9958475584192644
533.3002883036738, 0.9948747051101525
533.5058279820286, 0.9969076323908528
533.711353715063, 0.9986904516969313
533.9168654989041, 0.9983359438732968
534.122363329679, 0.9988994524507346
534.3278472035144, 0.9985233128017453
534.5333171165372, 0.9952831145752518
534.7387730648744, 0.991579961355135
534.944215044653, 0.9872511954380954
535.1496430519999, 0.9884767037853691
535.3550570830421, 0.9838830901490643
535.5604571339063, 0.9820257756029073
535.7658432007195, 0.9825912639676856
535.9712152796087, 0.9792113007873133
536.176573366701, 0.9716367500465226
536.381917458123, 0.9688286112540477
536.5872475500018, 0.9685509316655218
536.7925636384641, 0.9648805657141641
536.9978657196373, 0.9683747161842553
537.2031537896479, 0.9700617216018834
537.408427844623, 0.9689493673328077
537.6136878806897, 0.9655000048766754
537.8189338939744, 0.9649182883238465
538.0241658806045, 0.9622485388256125
538.229383836707, 0.9604947005935439
538.4345877584085, 0.9622174220028789
538.639777641836, 0.9637026366451494
538.8449534831162, 0.9624137548912389
539.0501152783767, 0.9616540694136301
539.255263023744, 0.9627056396216286
539.4603967153449, 0.962675581293464
539.6655163493066, 0.9608635697326533
539.8706219217559, 0.9622004865881368
540.0757134288197, 0.9556949355132929
540.2807908666249, 0.9489295438154424
540.4858542312986, 0.948595049948574
540.6909035189677, 0.945243144580088
540.8959387257588, 0.9397622288760501
541.1009598477993, 0.9426672285144583
541.3059668812159, 0.9436275658310136
541.5109598221356, 0.9413681141053881
541.7159386666852, 0.9411287993546462
541.9209034109916, 0.9409612167357528
542.1258540511819, 0.9421528193390882
542.330790583383, 0.9414927847035844
542.5357130037218, 0.9376476695306561
542.7406213083251, 0.938375453165728
542.9455154933199, 0.9359217619781266
543.1503955548333, 0.9331132339330128
543.3552614889919, 0.9326105638289119
543.560113291923, 0.9338657336587796
543.7649509597533, 0.9288713245977366
543.9697744886097, 0.9296129534960634
544.1745838746193, 0.9287200956093997
544.379379113909, 0.9283960666008477
544.5841602026055, 0.9256320180210054
544.788927136836, 0.9265848702337587
544.9936799127272, 0.9267544781499417
545.1984185264063, 0.9255945929900189
545.4031429739999, 0.9250955217227579
545.6078532516353, 0.9243649639896233
545.8125493554392, 0.9235126180613487
546.0172312815383, 0.9197799038483504
546.2218990260601, 0.9182512194955289
546.4265525851309, 0.9145425321926918
546.6311919548782, 0.9151979228318593
546.8358171314286, 0.914100257744247
547.040428110909, 0.9158777369369366
547.2450248894467, 0.915608938118098
547.4496074631679, 0.9191491234390101
547.6541758282003, 0.9184335018547807
547.8587299806704, 0.918143245600937
548.0632699167052, 0.9183338161840657
548.2677956324319, 0.9165235823521903
548.472307123977, 0.9112926211663053
548.6768043874677, 0.9082699996784271
548.8812874190306, 0.9098754343520732
549.085756214793, 0.909606391192079
549.290210770882, 0.9112699342389683
549.494651083424, 0.9145901341980127
549.6990771485462, 0.915073882196255
549.9034889623755, 0.9134474914987128
550.1078865210386, 0.9115304838559224
550.312269820663, 0.9118488709068566
550.516638857375, 0.9066240277510799
550.7209936273018, 0.9071255053519183
550.9253341265705, 0.905378440302739
551.1296603513077, 0.9029932439384953
551.3339722976407, 0.9018172520964554
551.538269961696, 0.9045500622614273
551.7425533396008, 0.9037695981876643
551.946822427482, 0.9042185802386074
552.1510772214665, 0.9056272291252709
