2899.0522412081873
2897.645873011615
2894.1299525201857
2888.3286837093274
2886.570723463612
2889.735051905899
2869.6943051047506
2865.826792564178
2868.6395289573215
2862.838260146463
2867.584752809893
2873.3860216207518
2874.265001743609
2883.406395021326
2879.5388824807533
2884.988559242469
2893.602564446471
2896.942688913329
2891.668808176185
2896.4153008396147
2898.1732610853296
2892.723584323614
2897.1184849379006
2893.4267684218994
2889.383459856756
2890.262439979613
2886.3949274390407
2890.262439979613
2890.438236004185
2891.844604200756
2880.9452506773246
2881.1210467018964
2883.7579870704685
2882.5274148984686
2883.582191045897
2880.2420665790387
2883.2305989967545
2874.440797768181
2883.4063950213263
2881.121046701897
2887.625499611041
2882.000026824754
2880.7694546527537
2877.7809222350384
2890.7898280533277
2891.668808176185
2899.4038332573296
2905.0293060436165
2896.415300839615
2894.833136618471
2897.9974650607587
2899.755425306473
2899.052241208187
2896.2395048150433
2891.8446042007563
2888.152887684755
2877.429330185895
2883.406395021326
2890.7898280533277
2895.008932643043
2889.3834598567555
2897.8216690361864
2895.5363207167575
2900.6344054293304
2901.3375895276163
2902.040773625902
2908.017838461332
2900.9859974784736
2884.636967193326
2885.691743340755
2887.0981115373265
2882.7032109230395
2882.3516188738963
2884.9885592424694
2876.374554038467
2880.242066579039
2883.5821910458967
2889.735051905899
2899.40383325733
2898.1732610853296
2895.1847286676148
2897.1184849379006
2908.721022559618
2912.5885351001907
2919.444580058478
2924.8942568201937
2929.1133614099085
2922.2573164516216
2922.433112476193
2928.761769360766
2931.750301778481
2935.26622226991
2926.82801309048
2917.686619812763
2911.35796292819
2913.6433112476193
2907.3146543630464
2910.8305748544763
2911.5337589527617
2904.1503259207598
2906.0840821910456
2912.4127390756194
2916.280251616192
2916.9834357144778
2921.3783363287644
2920.85094825505
2920.147764156764
2919.971968132193
2918.917191984764
2921.0267442796217
2917.1592317390487
2908.0178384613323
2906.9630623139033
2919.444580058478
2925.0700528447655
2920.323560181336
2921.026744279621
2925.0700528447655
2926.4764210413373
2929.9923415327667
2935.090426245339
2937.5515705893404
2936.672590466483
2935.9694063681973
2935.266222269911
2936.4967944419113
2934.9146302207682
2929.4649534590526
2927.355401164195
2916.1044555916205
2914.5222913704774
2916.6318436653346
2923.8394806727647
2921.3783363287644
2921.7299283779075
2922.6089085007648
2926.124828992194
2931.222913704767
2938.7821427613403
2946.3413718179136
2947.923536039057
2943.001247351056
2940.891695056198
2941.946471203627
2941.4190831299125
2937.0241825156254
2940.891695056198
2940.188510957912
2927.0038091150514
2925.773236943051
2930.5197296064807
2939.836918908769
2934.914630220768
2935.6178143190537
2941.0674910807697
2950.0330883339147
2940.5401030070548
2936.3209984173395
2951.439456530486
2952.670028702487
2950.9120684567724
2940.540103007055
2946.5171678424854
2940.3643069824834
2932.80507792591
2925.2458488693364
2938.4305507121967
2943.52863542477
2941.419083129912
2939.485326859626
2939.133734810483
2939.3095308350544
2934.9146302207673
2944.056023498484
2945.9897797687704
2953.900600874487
2953.549008825344
2953.02162075163
2946.341371817914
2951.7910485796297
2955.4827650956304
2965.8547305453476
2966.909506692776
2963.920974275061
2963.0419941522036
2960.0534617344892
2960.053461734489
2959.5260736607743
2966.2063225944908
2960.5808498082033
2965.678934520776
2956.537541243059
2959.174481611631
2958.647093537917
2956.5375412430594
2956.889133292202
2950.912068456772
2958.6470935379166
2958.2955014887734
2969.8980391104906
2966.20632259449
2971.3044073070632
2968.8432629630624
2969.019058987634
2980.4458005847796
2988.532417715068
2987.829233616782
2976.0508999704934
2975.8751039459216
2976.226695995065
2972.8865715282063
2972.183387429921
2983.082740953352
2991.872542181926
2986.7744574693534
2981.852168781352
2983.9617210762094
2992.5757262802117
2993.806298452212
2991.696746157354
2997.322218943641
3000.1349553367845
2998.904383164785
2992.3999302556404
2993.103114353926
2995.5642586979266
3002.5960996807853
3011.737492958502
3013.3196571796457
3008.3973684916446
3010.682716811074
3012.4406770567884
3008.9247565653586
3006.6394082459296
3007.342592344215
3004.7056519756434
3006.6394082459296
2996.443238820784
2998.9043831647846
3002.0687116070712
2996.2674427962124
2999.0801791893564
3007.6941843933582
3014.550229351646
3014.7260253762174
3008.9247565653586
3004.7056519756434
3008.7489605407873
3009.9795327127877
3015.605005499074
3026.6801550470773
3023.8674186539342
3020.175702137933
3021.4062743099335
3022.812642506505
3028.789707341935
3027.7349311945063
3030.723463612221
3037.7553045950804
3043.029185332224
3047.4240859465112
3052.522170659084
3059.378215617372
3066.761648649374
3074.320877705947
3081.3527186888064
3085.747619303093
3093.482644384238
3088.736151720808
3094.713216556238
3091.1972960648086
3096.11958475281
3094.3616245070953
3090.6699079910945
3091.1972960648086
3096.822768851096
3101.7450575390967
3102.6240376619544
3115.105555406529
3115.9845355293864
3121.258416266531
3116.3361275785296
3118.094087824244
3121.0826202419594
3122.6647844631025
3118.621475897959
3126.7080930282473
3115.9845355293874
3108.4253064728136
3113.5233911853866
3108.7768985219564
3119.1488639716736
3126.8838890528186
3126.004908929961
3129.5208294213903
3132.1577697899625
3130.224013519676
3141.8265511413933
3147.979412001395
3141.299163067679
3147.452023927681
3142.705531264251
3139.01381474825
3142.0023471659647
3147.1004318785376
3156.769213229969
3158.7029695002557
3159.5819496231125
3163.625258188257
3170.305507121972
3169.6023230236865
3184.1933930631185
3192.9831942916926
3200.7182193728377
3201.2456074465517
3193.5105823654067
3200.015035274552
3203.003567692267
3202.3003835939808
3196.323318758551
3192.104214168835
3187.7093135545483
3191.752622119692
3191.752622119692
3191.928418144264
3203.1793637168385
3199.3118511762655
3201.0698114219804
3208.8048365031245
3208.1016524048387
3217.946229780842
3227.966603181416
3223.220110517986
3225.6812548619864
3229.900359451702
3234.119464041417
3233.7678719922746
3243.9640414174205
3247.3041658842785
3258.20351940771
3263.8289921939972
3253.105434695137
3257.500335309424
3266.8175246117116
3271.212425225999
3269.806057029427
3279.6506344054296
3283.34235092143
3288.616231658574
3288.08884358486
3300.7461573540068
3311.645510877438
3315.5130234180106
3320.25951608144
3326.7639689905845
3339.0696907105876
3345.5741436197322
3351.023820381448
3350.3206362831615
3368.955014887739
3368.4276268140243
3378.2722041900274
3390.5779259100304
3391.6327020574586
3400.5982993106036
3400.774095335176
3410.2670806620354
3412.2008369323216
3415.540961399179
3420.814842136323
3427.4950910700395
3432.2415837334693
3431.7141956597543
3440.1524048391852
3441.734569060329
3448.590614018617
3457.9078033209053
3467.7523806969075
3477.59695807291
3480.4096944660537
3487.7931274980556
3495.703948603772
3512.931959011776
3517.8542476997773
3529.8083773706376
3544.7510394592127
3550.5523082700715
3554.9472088843586
3555.650392982644
3564.4401942112177
3567.252930604362
3575.6911397837926
3573.4057914643636
3587.117881380939
3592.2159660935117
3590.4580058477973
3590.80959789694
3600.654175272942
3620.167534000376
3625.968802811234
3645.130569489525
3650.5802462512406
3669.2146248558174
3672.554749322676
3695.408232516967
3711.2298747283994
3731.094825504976
3739.3572386598353
3753.948308699268
3759.0463934118407
3765.9024383701285
3774.5164435741303
3780.6693044341323
3790.513881810135
3788.2285334907056
3806.8629120952824
3803.1711955792807
3819.5202258644276
3825.1456986507146
3847.4717937712926
3849.7571420907216
3869.2705008181556
3881.7520185627304
3890.8934118404463
3895.2883124547334
3897.0462727004483
3917.2628155261673
3933.436049786743
3950.312468145605
3961.3876176936074
3983.362120765042
3994.6130663376166
3994.261474288473
4008.676748303335
4029.772271251912
4049.2856299793452
4057.723839158776
4057.8996351833475
4068.2716006330647
4083.741650795354
4089.0155315324982
4096.750556613643
4120.307223906221
4126.10849271708
4132.788741650796
4137.8868263633685
4147.028219641085
4166.189986319376
4177.265135867379
4192.559390005097
4208.38103221653
4222.4447141822475
4240.551704713109
4264.4599640548295
4286.082875077121
4296.454840526838
4318.2535475737
4327.922328925132
4342.337602939993
4348.490463799994
4351.6547922422815
4364.312106011428
4375.738847608574
4384.001260763433
4388.571957402291
4401.405067196009
4416.523525309156
4439.904396577162
4455.901834813166
4466.625392312026
4488.424099358889
4509.695418332037
4518.3094235360395
4537.119598165186
4542.041886853189
4558.566713162907
4563.313205826337
4567.883902465194
4574.212559349768
4577.728479841197
4581.771788406341
4579.8380321360555
4572.630395128625
4561.731041605193
4591.616365782344
4592.1437538560585
4600.230370986347
4603.394699428633
4606.031639797205
4621.3258939349225
4642.773008932642
4650.68383003836
4685.667238928083
4712.388234662946
4718.013707449234
4740.691394618954
4764.072265886962
4763.8964698623895
4776.905375680679
4793.430201990397
4790.26587354811
4790.793261621825
4792.727017892112
4799.934654899542
4803.274779366399
4800.98943104697
4812.064580594973
4837.379208133266
4852.14607419727
4861.990651573272
4880.976622226992
4901.544757101853
4904.3574934949975
4920.882319804716
4934.5944097212905
4947.603315539581
4943.560006974436
4943.208414925293
4957.096300866439
4956.217320743583
4956.393116768153
4950.240255908153
4945.493763244723
4938.286126237293
4934.594409721291
4951.998216153868
4958.678465087583
4954.459360497868
4941.450454679578
4948.306499637866
4959.733241235012
4978.1918238150165
5002.100083156737
5007.549759918454
5018.097521392741
5017.745929343599
5027.766302744172
5054.135706429893
5068.023592371041
5079.977722041901
5089.646503393332
5097.381528474476
5102.128021137905
5116.543295152767
5133.0681214624865
5134.122897609914
5141.506330641917
5146.78021137906
5156.448992730491
5160.492301295636
5162.074465516779
5179.478271949354
5178.247699777355
5199.1674267013605
5206.023471659648
5216.922825183079
5223.427278092224
5228.701158829367
5247.3355374339435
5261.047627350519
5264.036159768235
5261.750811448805
5270.364816652808
5272.650164972237
5275.638697389952
5280.736782102524
5286.010662839669
5288.999195257384
5280.560986077952
5284.076906569382
5301.832305051101
5314.665414844818
5328.553300785964
5332.069221277396
5340.155838407683
5338.046286112825
5357.383848815687
5378.303575739693
5403.266611228842
5422.428377907132
5440.00798036428
5455.302234501998
5466.377384050002
5477.1009415488625
5487.472906998579
5513.139126586015
5527.202808551732
5528.609176748304
5526.675420478018
5533.355669411734
5539.156938222592
5550.056291746023
5558.846092974597
5582.93014834089
5608.068979854611
5628.637114729473
5627.758134606615
5649.029453579764
5678.211593658628
5702.998833123206
5730.774605005498
5750.639555782075
5782.810228278656
5798.456074465516
5803.729955202661
5820.782169586094
5855.238190402103
5888.11204699697
5897.077644250114
5898.308216422114
5901.999932938114
5924.150232034121
5953.156576088414
5973.724710963277
6002.555258992999
6032.44058317015
6055.4698623890135
6078.850733657019
6107.329689637598
6151.63028782961
6186.26210467019
6204.896483274768
6216.323224871913
6237.594543845061
6262.5575793342105
6277.500241422786
6290.684943265645
6310.374098017652
6341.489994366802
6359.9485769468065
6378.23136350224
6399.854274524533
6423.41094181711
6433.431315217684
6461.910271198262
6495.663107915986
6538.205745862283
6562.992985326861
6581.275771882293
6591.296145282868
6634.893559376594
6682.18268998632
6724.373735883474
6748.98517932348
6762.169881166341
6766.388985756056
6776.233563132058
6791.000429196062
6819.127793127498
6858.857694680652
6870.460232302369
6889.0946109069455
6905.267845167521
6950.6232195069615
6992.638469379544
7045.904664824701
7079.13011346871
7123.782303709863
7162.984817189302
7199.374594275597
7231.017878698463
7249.124869229325
7272.154148448188
7297.292979961909
7317.861114836771
7346.691662866493
7388.179524665362
7426.151465972801
7443.027884331662
7449.883929289949
7469.573084041955
7520.553931167682
7559.58064862255
7590.169156897986
7624.976769763138
7649.588213203144
7675.781820864294
7695.998363690014
7742.232718152312
7806.3982671209
7851.050457362055
7841.909064084338
7894.999463504924
7943.167574237508
7980.787923495803
8025.967501810672
8061.478298774111
8062.357278896967
8087.8477024598305
8104.196732744978
8137.949569462702
8182.425963679284
8208.443775315862
8227.078153920438
8252.21698543416
8270.148179940448
8296.165991577027
8355.585047882185
8390.920048821054
8423.793905415918
8462.644826846214
8499.21039995708
8515.911022291371
8524.525027495372
8547.202714665094
8592.206496955392
8632.639582606831
8668.677767643983
8698.211499771991
8717.37326645028
8738.468789398858
8783.296775664585
8809.841975374877
8865.393519139461
8887.016430161753
8893.696679095468
8894.048271144613
8911.276281552617
8926.394739665764
8953.994715523488
8991.087676708066
9014.116955926931
9039.255787440652
9066.152579200087
9112.562729686957
9151.941039190966
9186.572856031546
9218.743528528124
9238.256887255558
9267.087435285282
9262.165146597279
9283.084873521286
9305.05937659272
9307.34472491215
9330.901392204727
9333.71412859787
9341.097561629873
9379.245298961881
9405.614702647603
9435.675822849324
9477.163684648194
9503.708884358486
9527.441347675636
9587.73938410365
9620.437444673944
9668.605555406528
9728.20040773626
9731.540532203118
9762.480632527699
9803.792698301993
9821.19650473457
9827.700957643714
9832.095858258
9859.168446042007
9856.531505673436
9859.16844604201
9836.842350921432
9834.205410552859
9849.148072641436
9840.534067437433
9863.387550631725
9883.604093457445
9919.99387054374
9912.434641487165
9917.708522224311
9952.34033906489
9994.003996888328
10032.151734220339
10045.863824136914
10061.509670323774
10077.331312535209
10113.896885646076
10132.17967220151
10126.026811341506
10159.779648059228
10149.759274658654
10172.96434990209
10170.503205558089
10178.414026663804
10200.212733710669
10213.221639528958
10190.368156334667
10204.9592263741
10234.492958502105
10241.173207435822
10236.778306821536
10231.680222108962
10243.282759730679
10262.2687303844
10254.00631722954
10261.917138335257
10294.966790954693
10297.603731323265
10317.644478124414
10350.869926768422
10387.259703854717
10426.638013358728
10460.21505405188
10471.641795649026
10457.226521634164
10486.760253762171
10493.088910646744
10506.449408514178
10529.47868773304
10522.27105072561
10534.576772445615
10527.544931462755
10527.193339413612
10554.090131173049
10604.016202151346
10570.790753507337
10576.064634244482
10575.185654121622
10549.167842485045
10552.683762976474
10569.73597735991
10579.053166662196
10570.966549531908
10551.628986829048
10566.395852893053
10595.577992971916
10612.102819281634
10655.87602939993
10690.50784624051
10709.845408943373
10710.021204967945
10716.174065827945
10726.37023525309
10721.62374258966
10696.836503125083
10665.369014726792
10669.588119316506
10650.426352638216
10634.077322353069
10632.143566082783
10612.278615306204
10603.488814077631
10613.333391453634
10631.088789935351
10658.16137771936
10682.597025134794
10689.45307009308
10700.000831567371
10737.97277287481
10745.532001931382
10794.579092786824
10803.017301966254
10804.072078113684
10773.483569838249
10774.889938034818
10802.314117867969
10785.086107459965
10781.042798894821
10748.168942299953
10765.396952707957
10748.520534349098
10754.321803159957
10781.394390943966
10800.907749671398
10812.686083317687
10822.882252742831
10858.041457657126
10839.934467126266
10872.984119745703
10873.335711794845
10889.333150030849
10901.28727970171
10895.837602939993
10921.152230478285
10926.601907240001
10921.152230478285
10914.823573593712
10955.959843343437
10948.92800236058
10950.510166581722
10939.43501703372
10949.279594409722
10967.386584940581
10993.052804528017
10986.02096354516
10988.306311864588
10990.415864159446
11011.511387108025
11009.577630837739
11014.851511574883
10999.733053461736
10990.943252233163
10985.317779446874
10977.582754365729
11012.917755304596
11038.40817886746
11050.186512513746
10997.799297191448
11013.972531452026
11028.563601491458
11069.17248316747
11109.078180745191
11131.052683816628
11143.709997585773
11135.974972504628
11140.369873118912
11166.387684755491
11201.546889669786
11225.80674106065
11216.665347782935
11218.77490007779
11208.578730652645
11213.85261138979
11229.14686552751
11254.813085114945
11253.05512486923
11252.879328844658
11297.707315110383
11310.5404249041
11350.094530432683
11358.708535636686
11375.233361946404
11398.262641165267
11421.29192038413
11420.588736285845
11434.125030177845
11466.647294723569
11484.930081279002
11486.336449475577
11501.806499637867
11546.634485903593
11557.18224737788
11557.18224737788
11567.026824753884
11604.647174012181
11650.178344376192
11648.068792081334
11645.959239786473
11664.59361839105
11658.089165481908
11643.146503393333
11657.913369457336
11702.213967649348
11714.34389334478
11729.110759408783
11736.494192440787
11770.598621207651
11793.452104401942
11804.703049974518
11810.328522760803
11838.983274765953
11884.162853080823
11882.58068885968
11924.068550658549
11919.849446068834
11927.057083076264
11923.189570535691
11943.757705410553
11979.620094423135
11995.441736634568
12021.986936344862
12035.171638187721
12058.200917406584
12062.771614045441
12088.965221706592
12107.248008262026
12131.156267603748
12134.320596046033
12142.583009200891
12192.157488130046
12215.010971324336
12242.083559108345
12256.323037098637
12265.991818450068
12302.733187585505
12338.419780573515
12379.028662249524
12409.968762574104
12448.292295930685
12461.476997773547
12467.629858633545
12471.848963223263
12510.875680678131
12519.48968588213
12537.596676412993
12538.475656535851
12553.242522599856
12547.79284583814
12553.066726575285
12561.680731779288
12592.09344403015
12611.431006733015
12614.243743126157
12679.464068242176
12698.625834920465
12717.436009549614
12704.95449180504
12752.419418439336
12791.797727943347
12838.032082405643
12850.162008101075
12856.139072936505
12883.035864695941
12881.981088548513
12893.407830145661
12925.40270661767
12945.970841492532
12980.954250382254
12982.184822554254
12989.568255586257
12975.328777595965
12993.435768126828
12984.645966898253
13010.663778534832
13000.994997183401
13002.049773330831
13040.197510662842
13003.456141527402
13028.770769065695
13055.315968775987
13106.472611926289
13153.234354462296
13200.875077121169
13190.678907696023
13213.18079884117
13237.264854207464
13239.550202526892
13301.25460715148
13292.99219399662
13264.1616459669
13257.305601008613
13262.052093672042
13264.864830065186
13290.53104965262
13310.923388502912
13323.756498296629
13360.322071407496
13372.979385176643
13391.086375707506
13441.012446685803
13458.240457093809
13467.381850371523
13489.88374151667
13497.970358646959
13510.97926446525
13555.104066632692
13528.031478848685
13516.077349177824
13497.97035864696
13523.460782209826
13548.423817698975
13552.467126264117
13561.256927492692
13584.462002736127
13598.525684701846
13547.369041551545
13543.325732986403
13525.921926553823
13567.058196303551
13560.729539418979
13584.6377987607
13608.54605810242
13582.176654416697
13562.663295689264
13526.800906676683
13578.133345851551
13603.096381340703
13652.143472196141
13645.81481531157
13641.24411867271
13592.021231792698
13578.133345851553
13571.453096917836
13587.274739129269
13640.540934574427
13629.641581050995
13650.912900024145
13645.814815311573
13641.419914697284
13642.650486869283
13702.948523297298
13718.594369484159
13728.966334933877
13759.554843209315
13773.26693312589
13763.246559725318
13775.200689396175
13793.131883902466
13814.75479492476
13834.619745701335
13808.601934064756
13799.46054078704
13828.466884841333
13826.533128571047
13816.688551195044
13861.340741436195
13864.856661927626
13872.591687008771
13873.822259180772
13857.649024920194
13884.54581667963
13893.335617908206
13915.134324955066
13891.226065613348
13914.431140856783
13901.949623112207
13897.55472249792
13893.335617908206
13920.408205692214
13954.864226508222
13939.745768395074
13964.884599908797
13968.752112449369
13999.516416749377
14005.141889535666
14027.1163926071
14064.385149816251
14057.529104857964
14060.86922932482
14075.636095388825
14104.994031492262
14089.523981329972
14102.35709112369
14082.14054829797
14067.373682233967
14034.851417688244
14016.920223181953
14034.675621663671
14005.317685560234
14000.395396872234
14004.790297486521
14036.257785884816
14048.563507604818
14082.843732396255
14097.9621905094
14120.991469728264
14134.176171571125
14122.046245875694
14151.404181979131
14140.329032431131
14124.155798170554
14106.576195713405
14093.215697845975
14091.281941575686
14106.224603664261
14118.881917433408
14115.365996941979
14133.64878349741
14130.660251079697
14124.507390219695
14143.493360873415
14141.032216529413
14150.525201856273
14170.214356608278
14160.72137128142
14182.520078328283
14203.791397301431
14200.802864883715
14248.267791518014
14298.369658520885
14325.44224630489
14359.546675071759
14367.457496177476
14357.4371227769
14336.868987902038
14280.438464014595
14263.737841680304
14299.600230692886
14291.689409587168
14268.308538319161
14257.936572869445
14228.93022881515
14232.44614930658
14239.653786314011
14271.472866761447
14314.36709675689
14362.886799538614
14373.786153062048
14382.751750315194
14389.607795273478
14398.397596502055
14436.721129858635
14442.17080662035
14461.156777274071
14462.914737519786
14504.226803294081
14494.55802194265
14481.549116124359
14476.62682743636
14501.76565895008
14524.970734193514
14539.034416159231
14516.005136940368
14448.851055554067
14450.081627726067
14451.136403873497
14471.177150674645
14489.45993723008
14526.552898414659
14553.801282223236
14582.456034228388
14572.787252876957
14646.621583196973
14714.654644706134
14773.018924863864
14798.685144451298
14815.561562810159
14814.858378711877
14804.838005311303
14804.838005311301
14795.169223959872
14825.757732235306
14813.452010515302
14876.738579361034
14877.090171410178
14885.879972638751
14899.416266530756
14951.627685828487
14989.599627135922
15004.190697175352
15034.95500147536
15056.226320448512
15080.661967863944
15060.621221062796
15053.413584055368
15050.952439711366
15056.753708522227
15040.932066310794
15030.208508811931
15055.523136350224
15049.018683441082
15042.690026556507
15075.915475200514
15099.296346468522
15157.309034577107
15195.45677190912
15204.598165186837
15247.492395182277
15296.187893988576
15312.18533222458
15324.491053944583
15380.042597709167
15378.987821561735
15403.423468977173
15403.07187692803
15412.389066230318
15438.055285817753
15460.381380938332
15447.548271144613
15452.294763808044
15480.246331714909
15474.093470854907
15477.433595321761
15504.330387081198
15521.382601464631
15545.290860806352
15563.925239410928
15579.395289573218
15591.525215268648
15627.739196330373
15659.734072802385
15680.653799726388
15747.104697014407
15775.056264921272
15793.514847501274
15802.128852705277
15832.014176882429
15823.400171678422
15865.063829501863
15887.389924622443
15917.626840848738
15952.258657689317
15958.938906623034
15969.135076048178
16001.833136618474
16025.38980391105
16009.216569650474
16045.957938785912
16047.188510957913
16053.692963867059
16045.078958663056
16050.704431449341
16048.243287105342
16050.001247351054
16057.736272432201
16096.235601813354
16138.778239759651
16169.894136108804
16172.17948442823
16188.001126639661
16229.488988438534
16253.573043804825
16274.141178679685
16261.48386491054
16281.700407736262
16284.864736178548
16296.994661873978
16319.496553019126
16374.69650473457
16407.92195337858
16410.910485796296
16425.853147884867
16438.158869604875
16494.237801443174
16528.166434185467
16555.766410043187
16577.565117090053
16575.982952868908
16590.046634834624
16565.96257946833
16575.103972746052
16604.637704874058
16623.79947155235
16628.370168191206
16620.459347085492
16634.523029051208
16643.664422328926
16693.063105233512
16674.25293060436
16713.80703613294
16729.27708629523
16732.793006786662
16750.196813219238
16790.805694895247
16809.615869524398
16814.889750261544
16820.163630998686
16795.376391534108
16829.305024276404
16818.054078703826
16836.512661283836
16831.7661686204
16830.535596448404
16820.6910190724
16839.67698972612
16834.403108988976
